100	1.30337
1000	0.598902
10010	0.334846
10015	1.11414
10018	0.621307
10029	0.448164
10030	0.312812
10032	0.591611
10038	0.951195
10048	0.514681
10057	0.574046
10059	0.665768
10061	0.896192
10062	1.32306
10078	0.638309
10079	1.30308
10097	0.793834
10102	0.699913
10103	0.885147
10108	1.55817
10112	0.666776
10115	1.18542
10129	0.802462
1013	1.17943
10130	1.16772
10140	0.703124
10144	0.893051
10155	0.304306
10166	0.615424
10175	0.354661
10184	1.21661
10185	1.01333
10186	1.0344
10194	0.805755
10199	1.00166
10201	0.632242
10202	0.868215
10236	0.000592737
10239	0.807092
10246	0.371632
10247	0.457519
10255	0.287972
10265	0.967782
10294	0.89778
10295	0.772292
10310	1.10327
10311	0.224556
10316	4.22387
10338	0.790283
1035	0.716665
10355	4.4475
10356	4.75119
10360	0.642987
10367	0.311396
10373	0.761546
10375	0.209886
10376	1.12495
10385	0.601963
10387	1.41228
10398	0.523264
1040	1.47387
10412	0.93821
10430	0.640661
10432	0.809668
10433	0.946468
1045	1.52542
10451	0.558647
10463	1.31497
10474	0.275313
10479	1.4821
1048	0.595332
10480	0.72621
10495	0.707885
10498	0.293351
10512	0.91685
10525	1.14506
10526	0.871376
10527	0.693289
10529	0.686312
10534	0.320872
10540	0.487142
10544	0.326462
10553	1.24897
10556	0.686097
10567	4.19842
10569	0.898165
10590	0.480558
10599	0.776172
10600	0.662615
10604	0.477287
10605	0.760593
10607	0.605539
10610	0.773803
10617	0.874117
10626	0.910554
10632	1.19471
10637	1.21976
10646	0.867561
10654	1.11628
10656	2.02602
10660	0.549725
10663	1.38138
10677	1.39429
10679	0.441831
10683	0.760916
10686	0.38375
10688	0.473251
10696	0.712887
10699	0.719678
10700	0.565258
10701	0.377348
10709	0.578458
10729	0.755178
10732	0.997561
10733	0.908242
10735	0.728586
10736	0.559754
10737	1.494
10738	0.896548
10746	1.13944
10747	1.03708
10765	1.8432
10766	1.62149
1077	0.551365
10774	0.492952
1078	1.19409
10784	0.940143
10791	0.941149
10792	1.04381
10799	1.93907
10807	0.67652
10810	0.795049
10817	0.303901
10818	0.910003
10820	0.72602
10821	0.374078
10826	1.153
10828	0.484793
10837	0.527576
1085	0.000394165
10857	0.469878
10861	0.431023
10869	1.27606
10870	0.958149
10884	0.805363
10886	0.51426
10891	0.549447
10915	1.09361
10927	1.30431
10938	1.14195
10977	0.81042
10980	0.629282
10985	0.984528
10986	0.471551
10987	0.947814
1099	0.852074
11020	0.73676
11024	0.393521
11036	0.453179
11038	0.680236
11059	0.351727
11061	0.921375
11063	0.45037
11067	1.37713
11074	1.57891
11075	0.842239
11089	1.14703
11091	0.662898
11120	0.985966
11149	0.400819
11150	0.683364
11152	0.417037
11166	0.930421
11168	1.20373
11170	0.703088
11172	0.751234
11178	0.570069
11183	0.616383
11191	0.543304
11199	0.383103
1120	0.884113
11200	1.36986
11213	0.824574
11214	1.21013
11216	0.807158
11217	0.25501
11227	0.517737
11228	0.600648
1123	0.773055
11237	0.846571
1124	0.417225
11244	0.560841
11251	0.929033
11254	0.969018
11261	1.00358
11265	0.695525
11275	0.934198
11276	1.0326
11279	0.775087
1128	0.656045
11283	1.4244
11290	0.627414
11295	1.59509
113	1.10638
1130	0.301219
11301	0.628482
11307	0.881003
11315	0.584997
11326	0.701015
1133	0.649665
1134	0.454443
11346	0.64468
11355	0.825263
11357	0.988393
11362	0.749277
11380	0.594362
11385	0.767345
11391	0.568271
11397	0.726907
11403	0.982408
11404	1.40636
11415	1.364
11420	1.18101
11421	0.276877
11429	0.950391
11432	0.943952
11433	0.896739
11440	0.721044
11450	0.646246
11461	0.51684
11462	0.812983
11463	0.841284
11479	0.684044
11495	0.286594
11497	0.383646
11499	0.426598
11503	0.3444
11561	1.8299
11562	0.923593
1159	0.930813
11590	1.21541
11594	0.871841
11621	0.510276
11624	1.08406
11627	0.660754
11628	0.787896
11639	0.884039
1164	1.01864
11652	0.275707
11654	0.856212
11655	0.659997
11664	0.859811
11665	0.770467
11672	1.10747
11678	0.508331
1168	1.09963
11689	1.37151
1169	1.15089
11692	0.946564
11694	0.688962
117	1.36372
11705	0.29314
11709	1.42682
1172	1.3291
11722	0.915199
1173	1.17333
11747	1.43887
1175	1.09566
11758	0.347528
11759	0.789192
11769	0.528632
11774	0.67142
11778	0.45691
11779	0.746503
11782	1.08515
11791	0.862229
11801	0.303065
11802	0.52817
11808	1.32261
11818	0.283869
11819	0.290783
11820	0.995277
11828	0.651512
11841	0.670771
11865	0.643967
11882	0.721261
11912	0.944663
11914	1.01656
11915	0.75052
11916	0.681886
11917	0.395673
11918	0.575104
11927	1.10664
1193	1.18564
11936	0.731682
11937	0.70304
11938	0.711236
11946	0.531076
11948	0.710829
11951	0.288132
11952	1.05072
11956	0.222055
1196	0.000575605
11963	1.08594
11970	0.302727
11980	1.28739
11997	1.18666
11999	0.947559
12001	1.01478
12005	0.633594
12019	0.93302
12029	0.50424
12039	0.387851
12041	0.592404
12049	0.775142
1205	0.765339
1206	0.820765
1207	0.413044
12072	0.862353
12083	0.974646
12087	0.573535
12094	0.600126
12102	0.741175
12105	1.08768
12108	0.583099
12112	1.11732
12113	0.576055
12116	0.664902
12127	1.17921
12128	0.294914
12129	2.36264
12130	0.183933
1215	0.826247
12154	0.42773
12158	0.607418
12159	1.48858
12171	0.896514
12172	0.831856
12177	0.983365
12184	0.842921
12188	3.5034
1220	0.686519
12203	0.702153
12206	0.461137
12207	0.543955
12212	0.910285
12220	1.02834
12221	0.751253
12231	0.870834
12240	0.491862
12242	0.6723
12246	0.00203482
12248	0.695397
12249	0.347218
12250	0.367575
12266	0.522798
12273	0.574081
12277	0.461701
12289	1.81271
12292	0.69234
12295	0.416098
12299	0.883544
12300	0.402916
12309	0.677497
12310	0.688408
12325	0.577111
1233	0.517896
12334	0.580731
12337	0.54112
12340	0.971037
12347	1.11922
12350	0.482573
12351	0.209888
12354	0.387395
12356	0.486869
1237	0.527183
12372	0.372835
12391	0.879397
12394	1.29045
12396	0.570654
12399	0.720594
12400	1.10041
12406	0.764228
12408	0.772279
12421	0.752554
12424	0.893887
12439	0.324203
12444	0.688207
12463	0.551138
12472	0.840589
12473	0.974123
12474	0.406231
12480	1.03203
12498	0.6341
1250	0.642016
12502	1.6731
12503	0.488784
12515	0.953297
12521	0.955049
12538	0.538371
12565	0.689731
12566	0.3069
12573	0.324251
12574	0.823561
12575	0.957805
12584	0.522484
12585	0.819449
12590	0.377382
12620	0.468249
12622	1.08856
12630	0.53985
12635	0.954766
12647	0.830344
12648	0.825909
12650	0.515731
12652	1.34874
12664	0.823721
12668	0.82045
1267	1.18175
12676	0.18329
12690	0.349125
12718	0.202191
12719	0.233021
12723	0.843276
12727	0.739008
12730	0.751244
12732	0.940059
12733	1.44028
12734	0.672102
12743	0.52332
12752	0.87106
12754	0.60984
12756	1.13221
12760	0.815392
12761	2.0746
12762	0.54842
12764	0.449953
12766	0.376044
12768	0.765543
12772	0.673744
12781	0.697505
12790	0.645096
12791	0.341665
12792	1.02982
12807	0.232893
12810	0.708811
12818	0.878695
12823	1.37555
12839	1.16696
12844	0.779724
12847	0.620987
12848	0.778947
12850	0.665726
12862	0.783715
12864	0.839995
12867	1.10825
12878	0.763168
12887	0.84834
12888	1.12947
12893	0.606636
12894	0.522993
12901	0.594282
12905	0.554
12909	0.881928
12914	0.671997
12926	1.98418
12932	1.56739
12939	0.909138
12952	0.528772
12961	1.07766
12962	1.03742
12963	0.962791
12964	1.24518
12966	0.737251
12985	0.705372
12986	0.699196
13005	0.775436
13022	0.345346
13028	0.609633
13030	0.758763
13033	0.918608
13036	1.03263
13037	0.999905
13038	0.63851
13041	0.680984
13044	1.09076
13051	0.869673
13058	0.298563
13060	0.723225
13065	0.848266
13069	0.435254
13071	0.779462
13074	0.331035
13075	0.707879
13078	0.359815
13081	0.505248
13087	0.362683
13106	0.755149
13107	0.813214
13118	1.25964
13146	0.623396
13151	0.618905
13153	0.722053
13173	1.20735
13178	0.502108
13181	0.970376
13182	1.00995
13183	1.20432
13184	0.902655
13185	0.878479
13187	1.1815
13188	0.122803
13189	0.457449
13190	1.04316
13191	1.15601
13192	0.833104
13198	1.57665
13199	0.68392
132	1.47972
13200	0.220882
13201	1.31714
13202	1.70929
13205	0.850911
13212	0.128373
13222	0.885875
13225	2.01836
13257	0.88072
13259	0.410915
13261	0.759969
13262	0.855811
13263	1.01541
13266	1.2636
13286	0.524689
13292	0.559295
13299	0.870716
13310	0.894871
13311	0.896355
13314	0.521494
13322	1.08329
13333	0.367092
13339	0.891449
13342	0.777145
13355	0.905772
13372	0.718608
13405	0.923525
13406	0.84806
13409	0.72278
1341	0.632181
13411	0.460818
13414	0.713012
13415	0.667567
13418	1.10572
13419	0.566045
13424	0.311953
13428	0.408104
1343	1.53586
13435	0.849404
1345	0.416727
13454	1.17328
13456	1.36619
13458	0.789563
13459	0.80825
13460	1.34385
13463	0.735711
13465	1.26595
13468	0.63303
13469	0.444349
13470	0.142567
13471	0.958291
1348	0.500057
13480	0.549192
13496	0.52177
13497	0.692778
1350	0.410599
13508	0.682091
1351	0.387582
1352	1.04483
13527	1.05559
13530	0.72814
13543	1.46272
13544	0.98009
13545	0.630878
13550	1.06025
13553	1.31855
13596	0.769994
13618	1.21397
13638	0.956301
13639	0.825308
13644	0.795637
13651	0.526819
13655	0.997841
13664	1.54041
13666	0.846386
13667	0.989871
13668	0.459513
13674	0.712704
13678	0.810782
13689	0.771527
13702	0.178729
13705	0.689699
13712	0.566931
13714	0.441581
13729	0.205336
13732	0.975305
1374	0.873678
13740	0.566239
13767	0.727793
13773	0.937661
13774	1.44864
13782	0.32989
13792	0.912624
13793	0.958048
13796	0.22823
1381	0.756374
13811	1.25411
13814	1.01551
13819	0.581939
13820	1.62463
13829	0.484381
13835	0.807651
13836	0.887188
13869	0.906454
13870	1.11027
13873	0.970078
13874	0.659113
13878	0.768286
13883	0.657257
13885	0.385387
13887	0.920271
13895	0.622109
13906	0.814355
13924	0.931427
13925	0.842233
13937	0.559498
1394	0.538008
13948	0.662595
1395	0.661766
13952	1.19878
13953	0.298699
13954	0.538328
13955	0.509698
13956	0.975531
13960	0.293429
13961	0.377553
13964	1.01082
13965	1.01129
13968	0.771693
13990	0.674192
13991	0.771897
13993	1.37563
13995	0.554931
13996	0.519868
140	0.98464
14002	0.142239
14039	0.379896
14054	0.594926
14081	0.224105
14084	0.781446
14089	1.1607
14090	0.594086
14099	1.17211
14100	0.42788
14101	1.13556
14102	1.59315
14103	0.724481
14104	0.302757
14105	1.10704
14106	0.748764
14107	1.14575
14108	0.81895
14109	1.13165
14110	1.02772
14112	0.20237
14113	0.86515
14115	0.558949
14116	0.601157
14123	0.846263
14125	0.691254
14126	0.954601
14130	0.711943
14132	0.746849
14136	0.623205
14142	0.439909
14143	1.02435
14144	0.518841
14147	0.702903
14150	0.945417
14151	1.33662
14152	0.494919
14155	0.504589
14165	0.685526
14175	0.926389
14179	1.27178
14181	0.699543
14189	1.20414
14190	0.900161
14197	0.830655
14208	2.81088
14220	0.22974
14229	0.316844
14237	0.63867
14241	1.18938
14256	0.88346
14258	0.348748
14259	0.771634
14263	0.584002
1427	1.01099
14284	0.66297
14286	0.843118
14291	0.693751
14296	0.287643
14297	0.758468
1430	0.588254
14304	1.05136
1431	0.956466
14325	0.968291
14330	0.944261
14332	0.689875
14334	0.378582
14344	1.02374
14353	0.904381
14361	0.739888
1437	0.547321
14370	0.601193
14379	0.949887
14380	0.226359
14381	0.864641
14383	1.14456
14393	0.318506
14398	0.952397
14418	0.445855
14421	0.738432
14422	0.449558
14436	0.882742
14438	0.968467
14444	0.429954
1447	1.44715
14483	1.02032
1450	1.32123
14504	0.900705
14505	1.02348
14517	0.413598
14519	0.50595
14520	0.899937
14531	0.525367
14546	0.589533
14555	0.938453
14559	0.815283
1456	0.49155
14570	1.36619
14576	0.277742
14581	0.700365
14588	0.622145
14590	0.408705
14591	1.10007
14597	0.769835
14598	0.368566
14603	1.09325
14613	0.486497
14625	0.612174
1463	0.922812
14636	0.922983
14641	0.827399
14650	0.371613
14671	0.570337
14676	0.563095
1469	1.08473
14695	0.518949
14704	0.83602
14707	0.611557
1472	0.470052
14720	0.439803
14722	0.915653
14724	0.515785
14734	0.844487
14735	0.658792
14739	0.882799
14747	0.910859
14748	0.246061
14749	0.413958
14759	0.42036
1476	0.907989
14761	0.975963
14764	0.773917
1477	2.77303
14778	1.87641
14783	0.69984
14784	0.738686
14785	0.664748
14789	1.18911
1479	0.694168
14796	0.851691
14797	0.815581
14810	0.437499
14812	0.636825
14816	0.371088
14825	0.743211
14831	0.876472
14832	0.343748
14833	0.626015
14835	0.775275
14836	0.615612
14839	0.902445
14855	0.589372
14869	0.858571
14870	0.926148
14875	0.268703
14883	0.679378
14887	0.633844
14892	0.578035
14894	0.721217
14896	0.503773
14902	0.657193
14913	0.64261
14918	1.09586
14919	1.37331
14928	0.745123
14934	0.616187
14935	1.03722
14944	0.500029
14946	0.848062
14949	0.281897
14979	0.765029
14986	1.37093
14990	1.24824
15007	0.699648
15012	0.808061
15023	0.816345
15024	0.847826
15028	0.724088
15065	0.424307
15070	0.872903
15091	0.713873
15102	1.10452
15103	1.13514
15107	0.423305
15119	0.932296
15130	0.44541
15131	0.846636
15145	0.775979
15163	0.630103
15164	0.413168
15170	0.538614
15171	1.01173
15172	0.675918
15183	0.863232
15187	0.952208
15192	0.390156
15200	0.876554
15201	0.697732
15204	0.887933
15209	0.451976
15216	0.938688
15224	0.657056
15231	1.46224
15234	0.603512
15238	0.475287
15241	0.412518
15242	0.509831
15245	0.571231
15248	0.456702
15253	0.882708
15263	0.632345
15284	0.790442
15285	0.429143
15287	0.703945
1532	0.514168
15322	0.918841
15323	0.681803
1533	1.0735
15331	1.54879
15338	0.627344
15346	0.996661
1535	0.556033
15356	0.761188
15362	0.604978
15371	1.03696
15379	1.196
1538	0.975777
15390	1.2349
15393	0.935379
15400	0.916799
15406	0.718155
15436	0.169327
15437	0.553732
15440	0.461896
15456	0.481885
15485	0.938134
1549	1.33255
15503	0.795463
15508	0.825322
1551	0.730048
15516	0.954776
15521	0.872563
15523	0.409735
15527	0.856588
15531	0.663407
15535	0.632213
15542	0.4959
15545	0.721189
15546	0.58446
15550	0.880263
15567	0.47787
15570	0.506222
15574	0.557476
15575	0.858732
15576	0.792593
15579	0.457929
1558	0.453946
15581	1.7949
15588	0.492033
15599	0.491487
15618	0.651597
15619	0.76993
15627	0.684028
15630	0.802891
15637	0.835586
1564	0.628563
15641	0.261925
15642	1.10941
15649	0.403311
15660	1.69176
15663	1.00465
15677	0.498195
15692	0.922409
15697	0.545713
15703	0.179641
15704	0.78012
15710	0.9084
15715	0.613171
15717	0.851459
15722	0.757369
15735	1.11174
15750	0.779023
15757	0.661075
15761	0.878029
15767	0.766391
15771	0.746256
15778	0.52767
1578	0.86347
15781	0.782495
15785	0.329061
15800	0.702885
15803	0.392016
15815	0.264997
15819	0.84035
1582	0.517927
15820	1.07057
15829	1.39355
1583	0.997401
15836	1.84871
15848	0.774456
15862	0.467294
15864	0.461832
15880	1.06132
15889	0.274532
1589	0.554396
15892	0.923182
15898	1.6051
15901	0.448709
15906	0.48223
15914	0.466186
15916	0.604663
15924	1.00778
15925	0.588206
15939	0.855499
15940	0.752738
15941	0.631912
15943	0.659319
15965	0.943165
15971	1.08446
15974	1.07988
15978	0.980754
15985	0.490768
15986	0.510491
15997	0.537802
16008	0.644646
1601	1.26625
16011	1.09789
16021	0.550975
16037	1.03043
16038	1.05606
16043	0.741739
16044	0.777981
16047	0.753195
16048	0.549223
16051	1.27664
1610	0.994641
16101	0.718684
16104	0.887558
16107	0.53982
16117	1.25294
16120	0.000807954
16122	0.876154
16123	0.655322
16125	1.04468
16129	0.953005
1613	0.531953
16146	0.744613
16148	0.484465
16153	0.611339
16158	0.625879
16159	0.630864
16179	0.875834
16186	0.431863
16187	1.44044
16197	0.599331
16200	0.861256
16201	0.612756
16208	1.0551
16210	0.519618
16214	0.605108
16217	0.782226
16221	0.401166
16243	0.955844
16277	1.92773
1628	0.000655424
1629	0.677488
16296	0.72423
16299	0.989846
1630	0.902764
16300	0.651841
16301	0.458433
16302	0.172975
16303	0.598174
16305	0.687087
16309	1.26999
16312	0.937067
16355	0.750808
16382	1.78239
16511	1.31897
16523	0.528041
16528	1.69341
1654	0.554358
16599	1.3493
1661	1.77381
1663	0.703571
16663	0.700444
16689	0.401117
1673	0.860671
16752	0.836843
16756	0.893665
1676	0.375173
1679	0.705349
16921	0.813987
16954	0.538662
17005	0.384225
1707	0.753971
17099	0.816541
17103	0.385024
1720	1.12383
1724	1.29805
17256	0.889262
17271	0.717559
17275	1.17267
17346	0.637261
17356	0.719822
17357	1.38536
1741	0.489382
1746	1.11309
17467	0.930797
17468	0.84065
17484	1.00677
1751	0.523861
17532	1.04731
17533	0.468966
17540	0.432253
17545	1.13415
17608	1.11505
17670	1.0898
17774	1.10574
17803	0.715023
1781	1.39724
1785	0.755529
17853	1.41636
17854	1.07502
1790	0.404183
17906	0.757862
17918	0.91085
17931	0.656261
17934	1.10392
1797	0.725161
1799	0.946563
1802	1.16702
18026	0.592972
18051	0.898073
1807	0.543909
18070	0.556137
181	1.59732
1811	1.22268
18113	0.323274
18142	0.709134
1815	0.845433
18202	0.81171
18218	0.623362
1822	0.85596
18222	0.96219
18236	1.35213
1826	0.444454
18291	0.522722
183	1.51485
18349	1.49764
1835	1.24262
18365	0.892861
18367	0.764368
1837	0.8251
184	1.7058
18403	0.875535
18417	1.12416
18426	1.08594
18428	0.841112
18486	0.712515
1851	1.06699
1852	0.961847
18549	0.449335
1856	0.533209
18560	0.621989
18596	0.707399
1861	1.38947
18647	0.449191
1866	0.996498
1869	0.445175
18702	1.60275
1871	0.787822
1872	0.988475
1873	1.469
18733	1.28789
18783	1.10984
1885	0.865503
18891	0.88944
18908	1.0597
1901	1.32581
19028	0.754317
1903	0.55178
19033	0.431378
19034	0.334717
19035	0.594506
1904	0.833621
19043	0.865053
19045	0.490528
191	1.44979
1911	0.857924
1912	0.572857
1913	1.56085
1914	0.925484
19174	1.28226
19175	1.10199
19220	0.954085
19221	0.902709
19223	1.00213
19226	0.49267
19256	0.722668
1931	0.786692
19310	0.611678
19320	0.949331
1934	0.915364
19353	0.715411
19370	0.515111
19398	1.11028
19520	0.820926
19660	1.07375
19746	0.407456
1975	1.07914
19750	0.780134
19766	0.924109
19781	0.833914
19787	0.968845
19793	0.686957
1981	0.904542
19827	0.800944
19830	0.892892
19861	0.449927
19874	0.797126
19879	1.06549
1989	1.20683
1990	1.28298
19904	0.989639
19943	0.873459
19950	0.856663
19987	0.947129
200	0.358659
2000	0.613982
2003	0.627199
20030	0.948781
2004	0.33507
20059	0.953496
2010	0.703907
20109	1.36272
20129	0.589948
20137	0.6709
20139	0.652581
20158	0.650316
2018	0.661757
20209	0.995312
20210	0.830748
2022	0.60049
20239	0.876752
2025	1.20041
20250	0.712131
20254	0.609999
20280	1.20659
20286	0.657007
20303	1.1392
20324	0.255654
20362	0.541651
20363	1.04522
20367	0.705531
20368	0.57786
20383	1.22763
2040	0.683737
2042	1.20388
20420	1.03386
20424	0.929444
2045	1.24044
20479	0.597905
2048	1.3396
20520	1.04776
20524	0.982558
20527	1.15147
20529	0.944277
20548	0.63727
20549	0.897918
20550	1.08038
20594	0.224549
20616	0.951294
20617	0.992457
20628	0.929779
20629	0.646506
20638	1.16715
20639	1.14107
20640	1.1389
2066	0.732812
20678	0.854073
20682	0.510233
20687	0.791633
20689	0.323148
20692	0.647107
2074	0.41717
20776	0.877971
20823	0.931524
20843	1.10337
20859	1.27023
20860	1.27725
2092	0.777695
20921	0.841292
20936	1.24265
20951	1.36532
20960	0.761678
20967	0.850782
20974	0.627051
20975	0.83211
21026	0.892385
21075	0.842959
21106	0.732993
2115	1.71106
21158	1.02319
2116	1.78636
21160	1.07721
21170	0.818655
21233	0.659927
21235	0.313818
21238	0.751863
21239	1.12386
21254	1.03226
21260	0.982399
21263	0.393651
21264	0.378017
21265	0.621594
21294	1.05899
2130	1.37274
21309	0.411966
2131	2.7346
21341	0.55747
21345	1.28066
21352	1.0219
21354	1.06774
21357	0.821572
2136	0.215738
214	0.902144
21409	0.887179
2142	1.44873
21428	1.23941
2143	0.818742
2144	0.767974
21440	1.09657
21496	1.0391
215	1.31648
21534	0.783464
21565	0.926489
2157	0.840307
21590	0.87339
21597	0.942496
21605	0.971375
21606	1.04883
21620	1.32619
21627	1.0346
2163	0.90264
21672	1.04306
2171	0.416889
21728	0.602653
21761	0.966207
21768	0.625619
2177	0.650722
21782	0.781527
2179	0.752888
21804	1.18329
21806	1.1262
21813	0.441339
21815	0.646799
21816	1.10741
21828	0.893851
21835	0.988898
21858	1.33952
21866	0.846057
21888	0.889129
21889	1.47189
21925	1.06194
21978	0.628304
2199	0.571771
22024	0.915344
22025	0.598561
22026	0.740214
2203	0.64062
22034	0.74275
22040	1.20282
22041	0.24785
22042	0.0271869
22043	0.682399
22159	0.519935
22181	0.688563
22205	0.749649
2222	0.855021
2223	0.811502
2224	0.976418
22250	0.656794
22251	0.621149
22252	0.845955
22256	0.700281
22272	1.04729
22279	1.0128
22291	0.328799
22298	0.900501
22319	0.758062
2232	0.257259
2233	0.791212
22342	0.80548
22359	0.866662
2238	1.69734
22384	0.726088
22385	0.461031
22386	0.86408
22388	1.14143
22396	1.16883
22397	1.10502
22400	0.864481
22405	0.792321
2241	1.15378
2246	1.20677
2247	0.515567
22488	1.42506
22523	0.425082
22524	1.04429
22525	0.820728
22526	0.690547
22527	0.765137
22548	1.10227
22582	0.978977
2259	1.12913
22590	0.926137
22617	1.10644
22619	0.715572
2262	0.000446955
22636	1.24863
22653	0.823872
2273	0.563802
22730	0.736927
22733	1.04179
22735	0.80339
22787	0.963944
22791	0.789419
22830	1.07591
22843	0.984785
22862	0.827844
22871	0.670793
22877	1.10628
2290	0.428061
22905	1.39099
2291	0.951688
2292	0.518962
22923	1.21803
2295	1.05339
22964	1.55787
22997	1.31083
23046	0.226326
23060	1.32916
23244	1.35041
234	0.836616
23411	1.10586
23413	1.13664
23414	1.15046
23432	1.56159
235	0.299397
23517	0.656804
23531	0.504377
2356	0.853561
23577	1.01963
23588	0.831711
23604	0.720343
2365	0.6303
23687	0.355435
238	0.972914
2380	0.763423
23822	0.83633
23828	0.832845
2384	1.35625
2385	0.509288
23901	0.348098
2392	0.950883
23925	0.76435
2394	1.31221
2395	0.627775
23962	0.734381
23963	1.33679
2399	0.762346
2400	1.28919
2406	1.13962
2409	0.674808
24108	0.63508
2412	1.04887
24165	0.696012
2426	1.32085
24352	0.835323
2436	0.875074
24393	1.14158
2447	1.61813
24536	0.895411
24626	1.0538
24661	0.919411
24691	1.05801
2479	1.32783
24838	1.15487
24859	1.198
24862	1.10493
2502	0.402136
25144	0.801682
25185	1.14099
2523	0.885003
25243	1.40129
2525	1.14839
25265	0.753723
25266	0.933956
25272	0.985473
25274	1.0361
25275	0.881774
25316	1.14922
25317	0.944651
25327	1.04061
25377	0.982394
2539	1.08099
25396	1.24868
25419	0.705408
2543	0.686928
25448	0.618725
25467	1.13292
25506	0.63712
25516	0.753896
25517	0.351879
2552	0.810642
25590	1.68627
25616	1.6478
25618	1.3607
25634	1.07168
25655	1.07304
2569	0.706873
25698	0.508803
25714	0.793529
25789	1.03469
25813	0.907003
25815	0.61684
25832	0.944514
25860	1.15166
25875	0.597248
25884	1.26137
25942	1.12332
25974	0.566037
25976	1.10788
25993	0.781153
26067	0.334308
26080	0.979369
26129	0.50507
26130	0.737949
2616	1.19093
26249	0.799304
26291	0.533869
26312	0.399972
26313	1.05133
2633	0.700516
2634	0.901615
2640	0.850122
26463	1.33103
26490	1.06863
26492	0.497513
26503	0.547813
26551	0.761146
26582	0.369932
2662	0.591294
2663	0.800679
26683	0.406038
26777	0.805035
26812	0.635731
26818	1.38229
26826	0.67728
26844	1.23112
26863	0.837014
26868	0.646586
26871	0.735975
26881	1.05504
26883	0.611115
26912	1.01989
26922	0.456157
26936	1.48702
26961	1.0263
26977	0.884262
2699	0.727607
26992	0.332757
27011	1.30422
27037	0.51015
2705	0.320742
27059	0.977856
2706	0.776058
27065	0.749877
27084	0.983301
27089	0.883377
27096	0.765594
2714	0.387942
27142	1.0012
27143	1.4455
27192	0.878643
27231	0.494513
27297	1.14557
2733	1.03931
27348	0.579715
27356	0.830598
27361	1.25491
27368	1.37164
27373	0.823398
27375	0.859227
27394	0.519803
27413	0.965052
27462	1.0492
27475	0.427499
27478	0.619008
275	0.473402
27504	0.952056
27524	0.896925
27550	0.947198
27555	0.734937
27558	0.72117
27559	1.08349
27573	1.21037
2758	0.482026
27594	0.881088
27601	1.00961
27640	0.761527
27652	0.500211
27663	0.948953
27665	0.893472
27668	1.44246
27681	1.16131
27682	1.06246
27688	1.2713
27728	0.647058
27731	1.02023
27760	1.02703
27815	0.928132
27849	0.637256
27850	0.769454
27853	0.514476
27857	1.38665
2789	0.65115
27909	0.185228
27911	0.76027
27929	0.519313
27944	0.824713
27946	0.775359
2795	0.793194
27950	0.819891
27951	1.32268
27956	1.00058
27967	0.545618
27984	0.701711
27986	0.613095
27998	0.786108
27999	0.823889
28	1.17796
2800	0.63591
28004	0.827649
28005	0.88365
28013	1.24847
28017	0.883076
2802	1.30007
28031	0.96683
2804	0.644644
28040	0.591587
28046	0.871821
28064	0.338052
28067	0.811395
28068	1.04084
28078	0.524167
28079	0.761389
28094	0.335063
28095	0.660998
28099	0.761858
28100	0.75015
28102	0.948238
28107	0.633108
2812	0.595449
28120	0.971418
28138	0.477074
28141	0.855938
28145	0.713915
28150	1.15783
28163	0.538686
28165	1.10788
28173	1.51522
28193	0.814151
28208	0.668891
28209	0.730969
28218	0.417918
28226	1.31717
2823	0.721506
28231	0.806145
28236	0.396911
28237	0.722501
2824	1.01447
28245	0.746936
28246	0.415136
28249	0.416581
28258	1.0534
28261	0.709703
28269	0.587412
28275	0.756838
28278	0.62887
28290	0.782792
28299	0.2732
28309	0.89393
28314	1.15854
28316	0.628301
28323	1.1594
28336	0.97549
28339	0.887395
28348	1.10152
28354	0.840522
28356	1.09625
28361	1.14263
28362	1.04934
28365	1.01159
28373	0.759522
28374	0.849838
28376	1.12148
28387	0.410662
28388	1.05907
28409	0.3052
28412	0.848665
28424	0.845572
28425	1.02421
28432	0.778298
28433	0.710546
28438	0.883991
28440	0.624009
28445	2.16296
28449	1.22007
28450	0.716472
28451	1.36449
28453	1.23024
28459	1.15542
28463	0.733818
28467	0.750928
2847	1.42926
28471	0.45191
28482	0.670899
28495	0.471415
28502	1.10976
28505	1.31339
28506	1.20954
28508	0.735027
28510	0.713587
2852	1.9019
28525	1.03642
28529	0.679421
28535	0.663678
28538	1.12627
28539	0.564376
28544	1.05216
28554	0.604289
28558	0.645475
28561	0.348085
28578	0.855073
28583	0.916983
28586	0.818314
28593	0.611658
28597	0.981355
28604	0.779814
28605	0.728734
28623	1.04151
28625	0.920076
28626	0.631901
28629	0.588282
28635	0.686621
28636	0.675744
28637	0.920381
28658	0.737578
28661	0.987649
28674	0.935057
28675	1.02617
28682	1.11736
28693	0.642849
28701	1.92892
28706	0.848631
28718	0.980938
28721	0.966101
28724	0.722605
28731	1.00626
28754	0.814115
28756	0.634693
28760	0.799713
28775	0.994021
28779	0.899961
28781	1.0399
28782	0.798935
28783	1.00681
28791	0.756244
28793	0.417462
28797	1.2092
2880	0.608695
28827	0.62929
2885	1.06254
28851	0.270777
2886	0.558517
28870	0.447819
28874	0.305894
28875	0.692115
28879	1.02691
28885	0.759177
28886	0.762284
28887	0.450285
289	0.000832534
28904	0.700786
28906	0.600657
28926	0.639693
2893	1.22221
28945	0.523872
28954	0.496846
28967	0.895612
28968	0.738143
28997	0.503403
29001	0.588048
29018	0.878809
29049	0.30432
29078	0.491205
29098	0.208816
291	0.314017
29121	0.452263
29128	0.819197
29146	0.939475
29152	1.19044
29166	0.697757
2920	0.785846
2921	0.529542
29251	0.579667
29258	0.851658
29282	0.776505
29283	0.964525
29285	0.755895
2931	0.509438
29316	0.732207
29332	0.573087
29348	1.05758
29358	0.961368
29364	0.801714
29389	0.84191
29434	0.775634
29442	0.874255
29448	0.392085
2946	0.472399
29460	1.03418
29462	0.829837
29467	0.637452
29476	1.03651
29480	0.862769
29488	0.387053
29493	0.684096
29509	0.822249
29542	1.82485
29573	0.468836
2958	0.777968
29594	1.29005
2961	0.231614
29631	0.486115
29681	0.305857
29690	0.550925
29696	0.438581
297	1.13886
29705	0.261022
29711	0.313224
29728	0.517552
2976	1.1322
29769	0.381803
2977	1.31097
29812	0.58157
29813	0.827306
29815	0.691538
29831	0.428714
29839	0.520726
29844	0.399494
29845	0.245005
29855	0.50419
29867	0.525496
29880	1.04509
2989	0.290575
29895	0.978117
29896	0.689975
2990	1.13146
29909	1.8505
29931	0.921794
29936	1.12813
2999	0.958677
30009	1.31706
30012	1.23868
30021	1.2348
30022	1.27421
3003	1.09095
30073	1.26532
30079	0.372461
30154	0.82005
30157	0.642638
30253	0.578746
30270	0.418821
30271	0.542654
3028	0.346835
30293	0.516572
30315	0.717837
30330	0.913082
30348	0.36538
30349	0.654911
30350	0.571263
30371	0.8827
30396	0.869941
30397	1.95955
30407	0.352216
30444	0.469549
30525	0.217992
30527	1.93491
30551	0.711183
30552	0.814109
30580	0.759887
30585	0.926248
306	0.568443
3060	0.579668
30605	0.612114
30621	1.12904
30647	0.61159
30648	0.505968
3066	0.753856
30670	1.02833
30695	0.822168
30709	0.590832
30728	0.354838
30737	0.934143
30738	0.344285
30803	0.618967
30805	0.564008
30816	0.755351
30829	0.656268
3083	0.968205
30838	0.485852
30841	0.34296
3085	1.10856
30850	0.744527
30851	0.644003
30854	0.815613
30860	1.2272
30900	0.967994
3094	1.20273
30944	0.8776
30946	0.63576
30947	1.11894
3097	1.01908
30988	1.27699
30995	0.877375
30996	0.758229
31010	0.694585
31013	0.689043
31057	0.662179
31099	0.307967
31121	1.40414
31124	0.896281
31131	0.666356
31149	0.928901
31179	1.51275
31180	0.725379
3119	0.578686
3121	0.681589
31220	0.584147
31221	0.660261
31260	0.820252
31265	1.18434
31266	0.580901
3127	1.18366
31313	0.674608
31314	0.618267
31324	1.04914
31325	0.618164
31339	0.921434
31343	0.865062
3135	0.49188
31357	0.576519
31376	0.629471
31388	0.796297
31398	1.16842
31412	0.329294
31413	2.07224
31433	0.682479
31443	0.581858
31489	1.14414
31553	1.2292
3161	0.000609606
31649	0.531175
3167	1.46115
3168	0.905902
31693	0.925086
31727	1.15077
31757	1.25256
31770	1.34774
31774	0.494194
31783	0.452106
31799	0.731923
31813	0.604234
31822	1.11161
31827	0.574097
3188	0.995909
31922	1.71388
31975	0.967969
31977	0.506814
31986	0.938481
32042	0.317495
32070	0.677505
32091	0.454194
32103	0.453569
32168	0.665355
3218	0.874283
32206	0.505928
32218	0.885756
3222	0.493491
32236	0.945768
32268	0.690687
32271	1.567
32292	1.32945
32322	0.692673
32396	1.26698
3241	0.719146
32417	0.644396
32433	1.21395
32461	1.19935
32538	1.06874
3257	0.733571
32591	0.322458
32638	0.858263
3264	0.786938
32643	1.8007
32659	0.873276
32668	0.896086
32697	0.80479
32700	0.815351
32722	0.575285
32746	0.741178
32768	0.782136
32848	0.231215
32853	0.239765
32858	0.861006
3288	0.752948
32915	0.796825
32918	0.801582
32921	0.842905
32947	0.538255
32956	0.932702
32986	0.677907
32993	0.928748
33000	0.842233
3302	1.2331
33024	0.954471
3303	1.40424
33068	0.501085
33077	1.02622
3309	1.12571
33090	0.406696
33104	0.660869
3311	0.528469
33113	0.773331
33122	0.495164
33135	0.981345
33140	0.706784
33148	1.31655
33159	0.676543
33167	0.506736
33168	0.520795
33221	0.937687
33294	1.01318
33299	0.539731
333	0.722777
33319	0.688129
3333	1.1524
33331	0.661578
33348	0.618105
33375	0.413627
33405	0.383758
33415	0.989796
33416	0.826116
3345	1.01175
33460	0.617743
33462	0.850516
3347	0.000350138
33488	0.780488
33490	0.803012
335	0.583173
33511	0.813386
33547	0.789539
33575	0.646973
33579	0.574327
3361	1.04008
33610	0.767624
33626	0.887427
33646	0.788557
33662	0.762345
33676	0.724669
3368	1.35186
33692	0.968343
33711	0.52755
33715	0.412225
3372	0.269764
33723	0.659006
33724	0.483031
33786	0.592423
33797	0.660471
33802	0.742089
33810	1.03149
33898	0.6322
33924	0.896505
3397	0.511725
3398	0.945631
33984	0.891126
33993	0.806117
34004	0.371887
34040	0.374908
34041	0.899983
34081	0.667037
34105	0.838229
34111	0.780582
34128	0.867366
34139	0.802583
34145	0.876416
34181	0.790486
34187	0.501505
34215	0.669242
34266	0.705311
34285	0.325324
34330	0.315454
3435	0.810098
3436	0.904982
34464	0.59816
34466	0.853398
3447	1.30163
345	0.643347
34505	0.75352
34544	0.943158
3455	1.27094
34588	0.622415
3459	1.01811
34594	0.505984
3460	1.14128
34600	0.935407
34620	1.23751
34628	0.940649
34637	0.528897
34639	0.904614
34663	0.631991
34789	0.881726
34838	0.645746
34845	1.85341
34847	0.560155
34850	0.719162
34912	0.787563
34918	0.993121
34929	0.681199
34936	0.866551
3496	0.784703
34982	0.713946
35006	0.762269
35016	0.746327
35019	0.536997
35045	0.692194
3506	0.472467
35068	0.810118
35084	0.749698
3515	1.54339
35204	0.37694
35214	0.481126
35234	0.81963
35243	0.970643
35279	0.349116
35286	0.777091
35302	1.01131
35319	0.691904
3532	1.78188
35329	1.08375
35342	0.659037
35357	0.713854
35368	0.876029
35379	0.606691
3538	0.980082
35407	0.541466
35416	1.02234
35422	0.699364
35429	0.383899
35437	0.669248
35442	0.666404
35496	0.748636
35526	0.922818
35527	0.71801
35541	0.412706
35575	0.864043
35577	0.765266
35600	1.00227
35601	0.870969
35648	0.567699
3569	0.743681
35726	0.585874
35736	0.52393
35750	0.668233
35754	0.786845
35766	0.861034
35777	3.63524
35780	0.568968
35789	0.827663
35801	0.892246
35802	0.787813
35841	0.430491
35872	0.8842
35876	1.55765
35924	0.732624
35928	0.730436
3593	0.642369
35953	0.645034
36001	0.835826
36032	0.412948
3605	0.285889
36051	0.556787
36089	0.637524
36096	0.664804
36121	0.573849
3613	1.02215
36130	0.640088
36134	0.752463
36154	0.623224
36178	0.333443
36181	0.973656
36182	0.487225
3620	0.888369
36205	1.01627
3621	0.698417
36255	0.778327
36272	0.600938
36284	0.260463
36303	1.43727
36307	0.659991
36309	0.49669
36321	0.477221
36322	0.666559
36324	0.844592
36356	0.302836
3636	0.459652
36360	0.428622
36361	0.68818
3637	0.740492
3639	0.303504
36394	0.667302
3640	0.705137
36444	0.590661
3645	1.41047
36485	0.545731
36486	0.428082
36487	0.859788
3650	1.43066
36540	0.851222
36549	0.769839
3655	1.16027
3656	0.758966
36566	0.455784
3657	0.909858
3658	0.849518
3659	0.962807
3660	0.969808
36600	0.740078
36609	0.751457
36612	0.810876
36620	0.690144
36636	0.94708
36644	0.763843
3665	0.785624
36652	0.94038
36653	0.916533
36655	0.80547
36660	0.202603
36666	0.870561
36667	0.509416
3667	0.820681
36678	0.411618
36683	0.307916
36699	0.660577
36712	0.921317
36725	0.922751
36738	0.51499
36753	0.461075
36768	0.930091
3679	0.978063
3680	0.51276
36823	0.942081
3683	0.881625
3684	0.438448
36846	0.544885
36871	0.466856
36879	0.238212
36886	0.994641
36890	0.598814
36894	0.381695
36900	0.644481
36958	0.64067
3698	1.45323
37006	0.630395
37063	0.685473
37068	0.907609
37075	0.774839
3709	0.000236051
37091	0.571193
3712	0.751036
37136	0.722343
37138	0.469584
37155	0.49335
37156	0.972214
37162	0.760539
37165	0.63646
37180	0.425496
37189	0.736206
37191	0.779443
37195	0.642872
37198	0.529586
37224	0.912772
37228	0.690809
37238	0.7598
37260	0.882462
37267	0.493174
37272	0.684473
37274	0.695873
37284	0.76358
37287	0.781961
37293	0.81097
37333	0.598463
37341	0.944276
37348	0.665762
37359	0.873491
37366	0.708151
37370	0.735268
37392	0.49138
37400	0.705102
37401	0.55285
37460	1.68084
37461	0.696541
3752	0.743462
37524	0.625044
37580	0.90289
37598	0.805614
37609	0.704292
37610	0.738547
3763	0.89914
3764	0.536134
3765	1.31131
3767	0.424713
37678	0.734529
3771	0.319655
37753	0.713463
37766	0.503505
37794	0.555041
37806	0.608218
3782	0.812309
37828	0.690271
37864	0.706581
37867	0.447383
37918	1.10382
37920	0.551189
37926	0.406155
37930	0.484787
37937	0.664024
37938	0.483837
37954	0.601006
3797	0.598313
37975	0.666838
38001	0.789207
38021	0.339144
38029	0.357754
38035	0.891347
38056	0.756259
3809	0.745585
3810	0.717094
38151	0.643801
38168	0.617216
38181	0.594598
38221	0.653048
38236	0.680886
38237	0.663124
38241	0.773208
38250	0.949756
3826	0.908327
38261	0.721248
38275	0.492508
38281	0.750112
38282	0.923761
38283	0.437955
383	1.18387
3832	0.810204
38322	0.388647
38327	0.598628
38328	0.506456
38331	0.754921
38341	0.926207
38364	1.22517
38369	0.732167
3837	0.520286
38372	0.492816
38394	0.634814
38398	0.767343
38411	0.659748
38414	0.644581
38422	0.671058
38424	0.678327
38427	0.466615
38456	0.61005
38475	0.546827
38476	0.62854
38477	0.679586
38487	0.442924
38492	0.702419
38519	0.822478
3852	1.07841
3853	1.07207
38530	0.676844
38547	0.430033
38570	0.696958
38574	0.564947
3859	1.21178
38592	0.732893
3863	0.384759
38671	0.574209
38679	0.739062
38688	0.904725
38689	0.809258
38693	0.990174
38698	0.876877
38701	0.302863
38709	0.241915
3872	0.883529
38731	0.806329
38736	0.619557
38738	1.45706
38743	0.920112
38749	0.892057
38795	0.236314
38797	0.607969
38798	0.443361
38811	1.68385
38827	0.64674
38863	0.519836
38870	0.879786
38876	0.425816
38877	0.481662
38914	0.483737
38916	0.666654
38930	0.731791
38955	0.913996
38964	0.761062
39013	0.735057
39029	0.558601
39036	0.685633
3909	0.774974
39103	1.06356
39162	0.661035
39163	0.332064
39172	0.627337
39174	1.08432
39175	0.937554
39180	0.971207
39183	0.627267
39225	0.737008
39233	0.680619
39240	1.15623
39255	1.08584
39273	0.848167
3928	0.911508
39283	0.810171
39288	0.585365
39295	0.811384
39301	0.471404
3931	0.958891
39333	1.30353
39345	2.08895
39379	0.77607
3940	0.979881
39402	1.07698
39411	0.963112
39436	0.862137
39456	0.752185
3948	0.654128
39482	1.07299
39483	0.419722
39484	0.514531
39495	0.777384
39496	1.11163
395	1.19033
3951	0.262429
39519	0.932614
39520	0.569705
39527	0.632637
39532	0.849877
39538	0.860537
39563	0.437886
39591	0.84186
39622	0.571707
39631	0.683075
39651	0.889871
39661	0.412736
39677	1.25939
39690	0.793124
39691	1.11982
39699	0.718113
39722	0.483176
39750	0.692931
39762	0.545055
39763	0.653841
39764	0.641348
39769	0.552913
39779	0.335006
39780	1.49226
39788	2.63068
39793	0.252236
39807	0.531818
39808	0.504931
39815	0.764137
3985	1.14074
39861	0.658646
39892	0.918652
39901	0.408607
39902	0.25229
39914	0.527487
39927	0.4949
39928	0.22444
3993	1.07608
39945	1.32177
39959	1.05311
39965	1.6841
39982	0.709242
39996	0.829038
40019	1.60223
40025	0.484493
40027	0.53149
4003	0.668572
40035	1.1676
4004	0.942043
4005	0.39715
40070	1.35789
40071	1.34199
40090	1.03576
40101	0.864153
40123	0.523074
4013	0.610061
40150	0.580985
40175	0.52363
40192	1.17737
40204	0.733806
40207	0.867028
40251	0.570966
40268	0.872488
40276	0.526361
40288	1.0708
40292	0.436182
40293	0.932391
4031	1.90931
40318	0.986822
40377	0.552844
4040	0.706043
40402	0.452743
40413	0.391834
40429	0.75032
40442	1.0387
40454	0.487004
40455	0.647457
40457	0.704774
40473	0.951756
40490	1.11251
40511	0.472528
40518	0.950709
40521	1.18262
40536	0.500854
4054	0.51424
40567	0.641376
40593	0.920599
40594	1.16158
406	0.444795
40628	0.502656
4063	0.655362
4066	0.554005
4068	0.769196
407	0.619785
40723	1.14845
40726	0.910773
40768	0.387844
40773	0.903172
4079	1.15611
40819	0.660281
40937	0.732665
41004	0.686513
41021	0.618503
41033	0.50741
41097	1.02667
41142	0.583316
41215	0.973186
41276	0.750213
41402	0.622881
41467	0.829555
41569	0.930365
41578	0.524247
41623	1.01879
41672	1.90703
41678	0.818631
41681	0.971169
41683	1.53011
4172	0.653493
4173	0.67055
41731	0.899074
41734	0.668512
41736	0.869638
4174	0.839555
41790	0.66779
41799	0.586794
41812	0.451428
41815	0.534368
41818	1.1873
41841	0.719844
41852	0.67193
41855	0.834834
41859	0.541331
41860	0.693033
41861	0.361687
41873	0.842258
41882	0.422969
41883	0.596487
41884	0.596856
41900	0.591577
41903	0.496095
41937	1.03393
41947	0.729399
4196	0.577685
41974	0.462225
41976	1.20286
4199	0.675596
42011	0.605832
42013	0.534953
42016	0.453045
42027	0.610136
42040	0.459657
42069	0.790399
4207	0.601319
42077	0.628474
42080	0.499131
42082	0.528734
42091	0.566298
42093	0.605162
42094	1.65549
42119	0.47766
42127	0.486355
4213	0.987866
42134	1.0135
42136	0.760521
42143	0.954761
42144	0.561276
42147	0.298817
42151	0.649385
42152	0.418118
42153	1.38226
42164	0.492023
42169	0.527196
4217	0.42917
42170	0.578651
42176	0.768541
4218	0.363243
42197	0.868066
42219	0.593963
42220	0.282178
42261	0.775434
42265	0.844881
42268	0.566346
4228	1.03762
42284	0.409406
42314	0.869624
42320	0.445094
42336	1.83593
42380	0.757467
42399	0.538136
4248	0.785348
42481	1.057
42525	0.621443
42546	0.99212
42563	0.159634
42595	1.12303
42647	0.729837
4267	0.789864
42705	0.668222
42735	1.83502
42736	1.50265
42738	1.26552
42740	1.38795
42743	0.17776
42744	0.692529
42746	1.16833
4276	0.547065
4277	0.91025
4280	1.09107
42802	1.04565
4281	0.560738
42858	1.31208
4289	0.936927
429	1.02613
42914	1.03191
42947	1.22527
42951	0.700238
42961	0.437764
42975	1.0869
42989	0.769235
4303	0.840581
4304	1.20167
43049	1.09005
4305	0.810581
43070	0.893955
43073	0.977088
43078	0.722724
43158	0.970642
43160	1.11904
43177	1.10801
4318	1.31609
43186	0.56595
4319	1.25872
43194	1.48877
4320	0.951413
43231	0.278221
4327	0.607345
43291	1.03285
43293	0.783189
43300	0.870064
43367	0.671113
43375	0.409095
43377	0.767373
43388	0.73135
43391	0.676176
4340	0.713823
43429	0.505076
43433	0.779045
43452	0.617671
43456	0.788537
43457	0.658064
43467	0.409131
4348	0.224075
435	0.940427
43547	0.714768
43567	1.01605
43588	0.780168
43595	0.86499
43603	0.807183
43633	1.11344
43668	0.697662
43702	0.300926
43707	0.923215
4371	0.749438
43719	0.63093
43819	0.300005
4383	1.25605
43877	0.568589
43910	0.546759
43923	0.779177
43932	0.812002
43934	0.85905
4394	0.619381
43965	0.526419
44000	0.465316
44026	0.725552
44027	0.409737
44035	0.490255
44076	1.03652
44089	1.15805
44101	0.376066
44133	0.565393
4414	0.904322
44159	0.813091
4419	0.535313
44239	0.920096
4426	0.989012
44273	0.219866
443	0.746573
44311	0.704467
44315	0.732903
44322	0.768953
44380	0.642419
44409	0.648986
4441	0.665607
44410	0.629236
44415	1.01298
44417	0.914859
44443	0.665621
44456	0.555229
44537	0.442655
44584	0.522105
446	1.19334
4471	0.339038
44777	0.591213
44784	0.786716
4480	0.51262
44835	0.60004
44840	0.521687
4486	0.997361
44863	0.544844
44864	0.647458
44881	0.697034
44885	0.599731
44925	0.516927
44928	0.495829
44988	0.580645
45000	0.563797
4501	1.4725
45024	0.624697
45048	0.484011
4508	0.41649
4515	0.895744
4516	0.567492
4529	0.43313
4533	0.975759
4537	1.17073
4542	0.303124
4543	2.78836
4544	0.27771
4545	1.14694
4546	0.74515
4549	0.524952
4578	0.873844
4579	1.12419
4581	0.986492
46	1.32765
4606	0.958691
4629	0.984166
4649	1.06259
4657	1.0307
4658	1.02698
4677	0.202429
4691	0.676337
4692	0.837351
4699	1.40964
4702	1.8235
4719	1.36944
472	0.207342
473	0.562987
4734	0.594837
4743	0.985983
4747	0.916506
4751	0.578591
4767	0.669853
4781	0.762932
4790	0.496932
4791	0.767388
4792	1.44559
4798	0.974472
4805	0.580127
4807	0.993419
4811	0.506805
4835	0.369619
4869	0.564957
4877	0.777525
4887	0.567291
4892	0.389249
4929	1.00441
4944	0.302807
4945	1.31008
4946	1.68557
4949	1.68214
497	1.11361
4972	0.256574
5020	0.873741
5025	0.556776
5026	1.00159
5038	0.652132
5040	1.01485
5042	0.90525
5071	1.40455
5076	1.51506
508	0.75445
5103	0.86073
511	0.812924
5117	0.849599
5128	0.435995
5142	0.725987
5148	1.07311
5153	1.41437
5157	1.67439
5229	1.28762
523	0.816355
5253	0.923224
5406	0.544035
5407	0.466902
5408	0.424549
541	0.797999
542	1.06841
5431	0.442077
5434	0.52649
5465	0.668337
5475	0.488562
548	1.00363
5506	1.25129
5535	0.513323
5556	0.556176
5558	0.313758
5561	1.40262
560	0.635264
561	0.725465
565	0.0809866
566	0.784408
5672	0.547479
5679	0.518053
569	0.497026
5696	0.785004
5700	0.530534
5708	0.858641
5738	0.752969
5746	1.21726
5758	0.786633
5767	0.762594
5770	0.994348
5802	0.623155
581	0.394276
582	0.734961
5820	0.598305
5821	0.724102
5845	0.783794
5846	1.02049
5853	0.880593
5869	0.762958
5872	0.873127
5873	0.910444
5926	0.470072
5937	0.231956
5938	0.33068
5939	0.429173
5940	0.8446
5941	0.591159
5950	0.779558
5951	0.399479
5955	0.101133
5988	0.817871
6008	0.807703
6014	0.520904
6015	0.445492
6036	1.0662
6039	0.768625
605	1.1631
6069	0.582484
607	1.46103
6070	0.492959
6071	0.523867
6080	1.28959
6088	0.692804
6097	1.10906
6101	0.638743
6105	0.772511
6124	0.741329
6126	1.1671
6132	1.19694
6136	0.395829
616	1.33452
6168	0.945107
6174	0.7841
6179	1.00718
6203	0.763797
6204	1.13926
6220	0.755344
6221	0.705883
6226	0.501634
6263	0.65327
6274	0.628368
6301	1.87004
6302	0.606605
6305	0.913866
6306	1.02396
6348	1.35256
6357	0.609176
6360	0.297376
6368	0.642904
6369	0.811093
637	0.468291
6378	0.505631
638	1.20266
6385	0.634297
6386	0.408058
639	1.7607
6403	0.960558
6404	0.533868
6406	4.4338
6407	0.471907
6429	0.766911
6435	0.324522
6446	1.19819
6447	1.15439
6457	0.846976
6502	0.944475
6503	0.516815
6508	0.58925
6519	0.701832
6529	1.25036
6535	0.398625
6548	3.00865
6552	1.02006
656	0.842174
6571	0.683945
6572	0.760565
6580	1.11153
6597	0.71721
6616	0.563142
6628	0.669856
6638	0.674263
6680	0.656231
6691	0.529299
6696	0.448857
6701	0.735449
6704	1.07736
6710	0.883626
6757	0.655413
6762	1.02621
6763	0.858438
6769	0.504289
6770	0.830052
684	1.44139
6886	0.779417
6937	0.631417
697	0.501561
6986	1.10302
700	1.43285
701	1.07816
7018	1.17683
7050	1.07962
7074	0.418901
7092	1.21352
7097	0.755923
7115	0.643758
7133	0.947875
7138	1.16066
7146	0.499074
7153	0.534451
7164	0.839608
7181	0.346696
7184	0.371049
7196	1.11239
7208	0.724198
721	0.598466
722	0.477534
7224	0.483554
7227	1.02003
723	0.895824
7241	0.6995
7264	0.997279
7277	0.389988
7284	1.28647
729	0.896558
7295	0.776493
7297	0.590066
7312	0.640904
7325	0.682664
7329	0.408654
7334	0.779289
7364	0.982326
7382	0.463585
7392	0.641644
7399	1.15432
7402	0.729855
7414	0.49763
7427	1.01051
7432	1.28851
7448	2.54683
7474	1.18759
7502	0.116819
7505	0.658554
7513	0.975964
7514	0.751322
7515	0.610688
7528	0.82106
7536	0.859063
7538	1.16413
7541	0.665045
7544	0.286432
7570	0.743503
7573	0.650094
7578	0.779625
7582	0.909428
7583	0.800904
7584	0.797521
7591	1.23966
7592	0.739009
7601	0.710512
7603	0.883885
7607	0.77493
7608	1.51903
7631	0.4308
7647	1.10327
765	0.856792
7655	0.804112
7660	1.17072
7667	0.592027
7674	0.835823
7678	0.871853
7686	1.5828
7699	0.484553
7704	0.77411
7709	1.02785
7712	1.52424
7716	0.70371
7717	0.774474
7726	0.620887
7737	1.00189
7752	0.510567
7775	0.768717
7780	0.67629
7787	0.605355
779	0.692692
7807	0.776439
7808	0.979133
7810	0.573251
7825	0.569263
7826	0.889274
7831	1.64011
7834	0.777895
7835	0.58781
7836	0.984577
7837	0.443081
784	0.764626
7867	1.70005
7868	0.794322
7872	1.01542
7876	0.509284
7882	0.611718
7884	0.232538
7886	1.24489
790	1.38201
7902	0.684615
791	0.835543
7919	0.361428
7928	0.400294
7929	0.570135
7948	0.376399
7955	1.323
7959	0.973178
7965	0.815262
7969	1.09518
798	1.62983
7991	1.82407
801	0.442949
8021	0.681519
8023	0.433674
8027	0.413922
8077	0.812913
8085	0.592795
8105	0.348416
8139	0.54082
8140	0.755705
8142	0.69328
8148	0.832847
816	0.55419
817	0.000417028
8181	0.00037964
8188	0.718295
819	0.419315
8194	0.722305
8223	0.450389
8242	0.747081
8246	0.385193
8254	1.07771
8260	0.0911385
8301	0.430194
8344	0.747068
8347	0.434125
8352	1.12151
8353	0.326447
8356	0.73493
8357	0.945727
8358	0.983831
8363	1.0473
8380	0.942559
8413	0.747471
8417	0.252019
8427	0.566854
844	1.22713
8447	1.20678
8464	0.982717
8484	0.91194
8495	1.43475
8506	0.66557
8510	0.425681
8521	0.815533
8523	1.15233
8526	0.67249
8568	0.982796
8574	0.388042
8579	0.402343
8585	1.38256
859	1.01423
8615	0.791117
8637	0.420388
8663	1.1425
8670	0.855446
8671	1.40436
8675	0.851027
8677	0.88178
8684	0.645744
869	0.803835
8698	0.388266
8699	0.782901
8700	0.663029
8701	0.173926
8715	0.862798
8717	0.626078
8718	0.65513
8730	0.789659
8738	1.52735
8739	0.89237
874	0.53132
8743	0.869631
8752	0.620866
8753	0.606054
879	1.18882
8800	0.93035
8806	0.36278
8825	0.645694
8842	0.490561
8850	1.30495
8867	0.513451
8908	0.667223
8921	1.20552
8936	0.925494
8943	1.12398
8946	0.677728
8956	0.737058
8970	0.783939
8980	0.690926
8981	0.601504
8982	0.617968
8991	1.26267
9001	0.752876
9003	0.676163
9006	0.723339
9007	0.296252
9009	0.627899
901	0.856005
902	0.782445
9029	0.633692
903	0.594471
9037	0.805616
9045	0.569526
9046	0.660499
9064	1.02167
9074	0.713711
9075	1.03064
9076	0.475355
908	1.08812
9083	0.850414
9093	1.10711
910	1.57068
9115	0.52176
9120	0.351133
9130	0.375243
9132	0.981935
9135	0.688916
9136	0.729778
9144	0.961813
9145	0.743911
9162	1.03869
917	0.877954
9171	1.04781
9172	0.766098
9187	1.33141
9200	1.43259
9209	1.34095
9230	0.730711
9240	0.737151
9242	0.442144
9264	1.01994
9285	0.703489
9286	1.62985
9292	0.442939
9302	1.15375
9305	1.21539
9325	0.699828
933	1.11945
9334	1.1082
9346	0.437919
9352	0.490384
9362	1.17867
9373	0.829137
9382	0.668349
9407	0.979836
9444	0.544191
9456	0.90684
9481	1.16513
9482	1.14716
95	1.05219
9511	0.686465
9561	0.643104
9569	0.759088
9571	0.97936
9578	0.302348
9579	0.47306
9600	1.5529
9616	0.644347
962	0.874519
9621	2.2308
9622	0.829738
9632	0.693955
9639	0.258638
9643	0.58709
9646	0.747238
9648	0.924359
9649	0.534993
9662	0.393881
9674	0.229463
9702	0.394072
9718	0.78418
9723	0.470333
9736	0.948502
9737	0.487186
9738	0.632947
9739	0.816076
974	0.670243
9740	0.640331
9761	1.2852
9765	0.760004
9767	0.627929
9773	0.756235
9786	1.06628
9791	0.539956
9797	0.794904
98	1.10375
9801	0.472113
9831	1.09232
9832	0.835602
9849	0.463841
9860	0.599655
9870	1.21309
9893	0.831029
9895	0.902769
9900	0.487357
991	1.02837
9922	0.789215
9933	1.26937
9934	0.549548
9945	0.529256
9950	0.93541
9951	1.02941
9962	0.723537
9964	0.67529
9966	0.699985
9968	0.978253
9978	1.12323
9980	0.934342
9986	1.30106
9999	0.686878
