FID IID
7529 7529
122 122
4573 4573
10865 10865
4551 4551
4575 4575
4577 4577
2239 2239
94 94
1230 1230
3385 3385
2713 2713
2843 2843
213 213
2821 2821
71 71
23 23
30 30
4525 4525
3396 3396
3389 3389
8 8
290 290
390 390
298 298
603 603
1234 1234
2705 2705
1233 1233
3495 3495
5403 5403
1272 1272
3 3
3980 3980
341 341
2714 2714
4441 4441
10970 10970
10740 10740
2878 2878
2946 2946
4214 4214
4631 4631
4547 4547
10841 10841
4580 4580
16182 16182
2102 2102
16185 16185
5063 5063
2860 2860
2170 2170
2177 2177
4715 4715
1350 1350
10827 10827
2400 2400
1740 1740
12728 12728
2457 2457
2886 2886
4217 4217
2900 2900
5252 5252
3388 3388
1698 1698
11683 11683
2259 2259
4811 4811
5317 5317
2409 2409
4662 4662
1351 1351
3345 3345
3051 3051
120 120
121 121
5406 5406
4623 4623
2846 2846
4615 4615
1976 1976
2662 2662
2237 2237
3403 3403
1621 1621
3402 3402
114 114
1078 1078
857 857
124 124
1324 1324
964 964
14 14
635 635
1206 1206
3636 3636
1130 1130
3093 3093
3123 3123
1510 1510
3136 3136
344 344
3244 3244
3964 3964
2758 2758
392 392
3863 3863
3948 3948
3998 3998
393 393
5558 5558
2752 2752
391 391
2036 2036
5465 5465
4542 4542
2451 2451
4652 4652
3925 3925
206 206
2356 2356
1610 1610
879 879
2385 2385
3698 3698
3492 3492
3954 3954
3764 3764
2501 2501
5322 5322
3243 3243
3200 3200
343 343
139 139
2137 2137
223 223
148 148
779 779
2290 2290
2574 2574
172 172
755 755
147 147
2234 2234
1505 1505
149 149
1070 1070
427 427
5556 5556
5847 5847
559 559
11801 11801
9481 9481
8676 8676
10487 10487
10586 10586
6904 6904
9549 9549
6843 6843
10524 10524
10591 10591
9420 9420
1040 1040
11447 11447
11488 11488
8916 8916
9669 9669
9667 9667
12108 12108
11611 11611
7035 7035
3810 3810
7394 7394
10358 10358
11544 11544
11531 11531
11481 11481
10480 10480
10328 10328
7269 7269
10296 10296
9132 9132
8531 8531
10654 10654
8500 8500
10376 10376
10189 10189
8391 8391
6368 6368
8495 8495
8440 8440
11569 11569
6696 6696
10187 10187
8563 8563
10155 10155
6842 6842
9723 9723
5092 5092
9623 9623
9600 9600
4649 4649
12316 12316
11987 11987
5962 5962
7147 7147
66 66
11857 11857
10569 10569
294 294
12159 12159
9563 9563
295 295
8682 8682
7722 7722
9561 9561
8919 8919
34 34
6359 6359
10367 10367
10432 10432
10359 10359
10436 10436
5696 5696
5873 5873
866 866
10544 10544
10178 10178
5838 5838
5738 5738
9462 9462
6305 6305
10079 10079
11543 11543
3839 3839
10313 10313
9484 9484
6447 6447
10188 10188
6203 6203
8762 8762
8794 8794
8739 8739
7209 7209
4907 4907
7224 7224
7197 7197
8480 8480
4045 4045
10312 10312
11501 11501
10294 10294
10888 10888
8867 8867
10263 10263
4043 4043
10399 10399
10829 10829
6636 6636
9406 9406
10685 10685
10695 10695
9095 9095
9373 9373
10826 10826
5949 5949
6618 6618
6615 6615
13088 13088
9133 9133
5926 5926
5085 5085
10828 10828
8684 8684
10801 10801
7573 7573
10821 10821
10765 10765
10746 10746
5703 5703
10819 10819
10831 10831
11928 11928
22212 22212
7591 7591
9172 9172
10642 10642
7629 7629
10753 10753
8712 8712
10637 10637
9318 9318
10764 10764
9316 9316
6535 6535
5871 5871
5083 5083
7678 7678
10887 10887
6113 6113
9352 9352
9023 9023
8970 8970
7653 7653
10910 10910
7712 7712
12212 12212
7666 7666
10679 10679
8700 8700
11936 11936
10777 10777
10663 10663
9258 9258
8891 8891
7616 7616
3669 3669
12127 12127
11985 11985
11970 11970
5970 5970
11957 11957
7780 7780
6038 6038
12001 12001
7030 7030
11798 11798
9666 9666
12172 12172
9737 9737
11969 11969
11999 11999
11984 11984
11802 11802
11833 11833
10230 10230
11945 11945
8502 8502
6441 6441
11832 11832
9196 9196
10702 10702
8663 8663
9162 9162
9168 9168
7674 7674
9144 9144
10618 10618
10309 10309
1220 1220
9092 9092
6386 6386
9571 9571
5918 5918
9643 9643
9064 9064
11908 11908
7679 7679
11266 11266
7688 7688
4480 4480
9038 9038
11385 11385
11769 11769
11747 11747
11750 11750
8023 8023
8154 8154
11024 11024
7961 7961
8103 8103
8464 8464
11020 11020
7790 7790
15627 15627
11633 11633
7868 7868
8427 8427
7825 7825
11213 11213
11648 11648
8382 8382
8380 8380
8139 8139
7981 7981
4011 4011
5607 5607
11315 11315
5606 5606
11091 11091
8105 8105
10968 10968
10983 10983
15619 15619
11301 11301
11621 11621
7838 7838
14894 14894
11279 11279
8194 8194
11038 11038
15285 15285
11028 11028
8343 8343
15400 15400
7948 7948
7929 7929
7812 7812
8188 8188
11209 11209
8140 8140
8223 8223
8173 8173
11357 11357
8018 8018
8077 8077
7543 7543
8299 8299
7837 7837
9814 9814
10220 10220
11000 11000
7955 7955
8300 8300
11178 11178
10559 10559
9896 9896
8242 8242
8288 8288
8278 8278
11271 11271
11185 11185
14935 14935
15322 15322
8285 8285
10943 10943
15503 15503
8318 8318
10988 10988
8276 8276
8222 8222
8246 8246
11113 11113
11677 11677
11762 11762
10941 10941
11084 11084
11151 11151
11120 11120
11711 11711
5103 5103
11672 11672
11723 11723
10010 10010
11236 11236
5835 5835
11632 11632
11192 11192
9986 9986
11272 11272
10015 10015
11276 11276
6457 6457
15393 15393
15231 15231
7965 7965
8353 8353
10030 10030
8348 8348
11694 11694
7493 7493
9347 9347
8017 8017
11316 11316
8193 8193
15163 15163
15660 15660
9999 9999
11746 11746
15201 15201
13314 13314
11072 11072
13053 13053
13172 13172
13719 13719
166 166
160 160
11808 11808
13774 13774
16043 16043
12424 12424
15735 15735
12932 12932
3767 3767
12538 12538
15102 15102
12480 12480
12515 12515
12474 12474
13151 13151
12894 12894
13418 13418
12952 12952
12926 12926
14090 14090
12503 12503
12620 12620
15107 15107
8347 8347
14839 14839
14896 14896
13553 13553
2171 2171
13178 13178
12439 12439
13664 13664
14990 14990
14789 14789
8413 8413
13078 13078
14598 14598
13322 13322
14590 14590
13333 13333
14197 14197
9578 9578
14597 14597
14707 14707
15836 15836
12399 12399
13222 13222
13428 13428
12334 12334
14832 14832
13266 13266
12391 12391
13259 13259
12325 12325
7608 7608
13118 13118
9242 9242
12112 12112
13666 13666
14810 14810
14284 14284
12273 12273
12839 12839
9115 9115
12862 12862
12347 12347
12337 12337
12340 12340
12354 12354
12396 12396
13146 13146
12356 12356
9482 9482
14695 14695
14189 14189
14720 14720
14256 14256
12207 12207
13773 13773
12292 12292
12289 12289
15803 15803
13767 13767
14764 14764
11261 11261
11237 11237
14084 14084
13106 13106
2789 2789
15985 15985
16187 16187
12772 12772
12764 12764
12762 12762
14887 14887
16011 16011
15978 15978
16201 16201
12732 12732
15997 15997
16296 16296
13906 13906
16221 16221
16299 16299
16123 16123
14344 14344
15974 15974
12791 12791
12761 12761
13618 13618
16129 16129
12690 12690
13044 13044
8908 8908
13033 13033
8027 8027
12590 12590
28636 28636
28760 28760
28731 28731
27059 27059
19033 19033
28004 28004
30850 30850
28625 28625
28046 28046
27681 27681
27929 27929
28793 28793
26922 26922
28635 28635
28604 28604
28538 28538
28099 28099
28583 28583
28535 28535
28658 28658
28561 28561
28005 28005
29509 29509
28525 28525
28597 28597
13887 13887
27640 27640
28629 28629
28724 28724
25590 25590
28495 28495
28779 28779
28529 28529
28544 28544
27998 27998
27559 27559
28040 28040
27665 27665
28706 28706
28017 28017
22359 22359
27297 27297
28558 28558
28208 28208
27368 27368
29488 29488
29631 29631
30009 30009
28100 28100
30648 30648
28237 28237
30396 30396
26582 26582
25714 25714
30670 30670
30407 30407
30073 30073
30647 30647
30527 30527
28218 28218
28432 28432
29128 29128
29480 29480
29476 29476
28438 28438
29332 29332
28078 28078
29166 29166
29316 29316
30709 30709
27853 27853
28906 28906
29460 29460
28870 28870
29258 29258
22843 22843
26129 26129
28376 28376
28954 28954
22298 22298
14531 14531
19035 19035
28754 28754
28997 28997
28945 28945
28094 28094
28409 28409
28314 28314
25506 25506
29283 29283
22582 22582
28013 28013
18051 18051
28290 28290
28968 28968
30397 30397
27413 27413
23828 23828
29815 29815
19226 19226
29895 29895
19310 19310
21858 21858
29831 29831
28145 28145
28165 28165
28067 28067
28278 28278
19034 19034
28387 28387
23962 23962
30293 30293
28120 28120
20960 20960
28365 28365
28354 28354
29696 29696
28348 28348
28261 28261
27348 27348
27951 27951
18113 18113
29690 29690
29049 29049
26503 26503
28316 28316
29282 29282
29936 29936
28226 28226
28874 28874
27944 27944
28453 28453
28775 28775
28163 28163
28482 28482
22871 22871
27192 27192
28068 28068
27663 27663
28138 28138
27462 27462
28209 28209
29769 29769
21620 21620
28269 28269
28275 28275
28373 28373
18026 18026
26080 26080
28150 28150
28356 28356
28721 28721
29711 29711
28781 28781
39379 39379
31013 31013
38519 38519
37867 37867
37198 37198
37138 37138
37162 37162
37341 37341
39411 39411
38570 38570
34187 34187
37460 37460
38530 38530
34181 34181
37136 37136
38411 38411
36309 36309
29728 29728
37063 37063
38237 38237
38372 38372
36738 36738
33984 33984
38487 38487
38424 38424
38916 38916
37068 37068
36871 36871
37392 37392
38241 38241
38427 38427
36886 36886
36644 36644
36900 36900
36636 36636
34845 34845
37006 37006
38001 38001
39532 39532
36620 36620
36653 36653
36890 36890
39240 39240
39808 39808
39175 39175
36683 36683
38414 38414
36485 36485
36051 36051
36753 36753
39174 39174
38671 38671
36566 36566
39495 39495
38283 38283
39163 39163
36182 36182
39255 39255
36130 36130
37224 37224
33802 33802
37609 37609
29251 29251
31099 31099
27946 27946
37920 37920
36321 36321
38331 38331
38341 38341
39482 39482
38328 38328
37753 37753
37938 37938
36360 36360
37918 37918
34285 34285
37794 37794
36255 36255
35754 35754
37926 37926
31413 31413
37937 37937
27594 27594
37610 37610
36307 36307
38369 38369
38797 38797
35068 35068
36032 36032
38863 38863
39769 39769
39788 39788
35006 35006
37507 37507
38738 38738
31986 31986
36666 36666
38592 38592
38456 38456
37274 37274
36958 36958
39722 39722
37075 37075
39483 39483
35736 35736
38398 38398
37180 37180
31260 31260
31822 31822
32417 32417
32746 32746
31693 31693
33405 33405
34620 34620
32638 32638
32643 32643
31131 31131
32396 32396
32042 32042
31977 31977
33148 33148
31799 31799
32091 32091
30988 30988
31357 31357
32070 32070
28246 28246
30946 30946
31770 31770
32722 32722
18783 18783
31314 31314
29896 29896
32461 32461
22181 22181
31121 31121
31010 31010
30995 30995
32668 32668
32433 32433
31376 31376
33331 33331
33575 33575
35577 35577
31180 31180
35575 35575
33711 33711
10632 10632
34639 34639
32918 32918
33294 33294
33786 33786
35319 35319
35437 35437
33135 33135
34929 34929
33000 33000
34637 34637
33416 33416
33460 33460
35084 35084
35600 35600
32697 32697
33077 33077
33068 33068
32538 32538
33547 33547
35286 35286
34918 34918
33511 33511
33490 33490
33993 33993
34663 34663
33299 33299
34982 34982
35045 35045
35234 35234
35527 35527
35016 35016
34128 34128
29389 29389
34838 34838
34505 34505
35357 35357
35302 35302
33024 33024
12922 12922
2395 2395
1321 1321
4581 4581
4578 4578
435 435
4549 4549
4546 4546
4537 4537
4533 4533
4516 4516
4508 4508
11059 11059
11036 11036
10986 10986
10985 10985
10980 10980
10977 10977
10938 10938
10927 10927
10915 10915
901 901
10886 10886
10870 10870
10869 10869
10861 10861
10857 10857
10837 10837
10820 10820
10818 10818
874 874
10817 10817
10810 10810
10807 10807
791 791
10032 10032
10029 10029
10018 10018
9980 9980
9978 9978
9966 9966
9964 9964
9962 9962
9950 9950
9945 9945
790 790
9934 9934
9933 9933
9922 9922
9900 9900
9895 9895
9893 9893
9870 9870
9860 9860
9849 9849
9832 9832
784 784
9831 9831
4501 4501
4486 4486
429 429
4471 4471
4426 4426
4414 4414
4394 4394
4383 4383
4371 4371
4340 4340
4327 4327
4320 4320
4319 4319
4305 4305
4304 4304
4303 4303
4281 4281
4280 4280
4277 4277
4276 4276
4267 4267
12029 12029
12019 12019
12005 12005
11997 11997
11980 11980
11963 11963
11948 11948
11946 11946
1000 1000
11927 11927
11917 11917
9801 9801
9797 9797
9791 9791
9786 9786
9773 9773
9767 9767
9765 9765
9761 9761
9740 9740
765 765
9739 9739
9738 9738
9736 9736
9718 9718
9702 9702
9662 9662
9649 9649
9648 9648
9632 9632
729 729
9622 9622
9621 9621
9616 9616
6263 6263
6226 6226
6220 6220
6204 6204
6168 6168
6136 6136
542 542
6124 6124
6105 6105
6101 6101
6097 6097
6088 6088
6080 6080
6071 6071
6070 6070
6069 6069
6039 6039
541 541
6036 6036
10799 10799
10792 10792
10784 10784
10774 10774
10766 10766
10747 10747
869 869
10738 10738
10737 10737
10736 10736
10733 10733
10732 10732
10729 10729
10709 10709
10700 10700
10699 10699
10688 10688
10686 10686
10683 10683
10677 10677
4248 4248
4218 4218
4213 4213
4207 4207
4199 4199
4196 4196
4174 4174
4173 4173
4172 4172
395 395
4079 4079
4066 4066
4063 4063
4054 4054
4040 4040
4031 4031
4013 4013
4005 4005
383 383
10660 10660
10656 10656
10646 10646
10626 10626
10617 10617
844 844
10605 10605
10604 10604
10600 10600
10599 10599
10590 10590
10556 10556
10553 10553
10540 10540
10529 10529
819 819
10527 10527
10526 10526
10525 10525
10512 10512
10495 10495
10479 10479
11916 11916
11915 11915
11914 11914
11912 11912
11882 11882
991 991
11865 11865
11841 11841
11828 11828
11820 11820
11791 11791
11782 11782
11779 11779
974 974
11774 11774
11722 11722
11709 11709
11692 11692
11689 11689
11678 11678
11665 11665
6015 6015
6014 6014
6008 6008
5988 5988
5951 5951
5950 5950
5872 5872
5869 5869
5853 5853
7810 7810
7808 7808
7807 7807
7787 7787
7775 7775
7737 7737
7726 7726
7717 7717
7716 7716
616 616
7709 7709
7704 7704
7686 7686
7667 7667
7660 7660
7655 7655
7647 7647
7631 7631
7607 7607
7603 7603
7601 7601
7592 7592
2634 2634
2633 2633
2616 2616
2569 2569
2552 2552
2543 2543
2539 2539
2525 2525
2523 2523
2502 2502
2479 2479
215 215
2447 2447
2436 2436
2426 2426
2412 2412
2406 2406
2399 2399
2394 2394
2384 2384
2380 2380
1437 1437
157 157
1431 1431
1430 1430
1427 1427
1395 1395
1394 1394
1381 1381
1352 1352
1348 1348
1345 1345
140 140
1343 1343
1341 1341
1267 1267
1237 1237
1215 1215
1207 1207
1205 1205
1193 1193
9579 9579
9569 9569
9511 9511
9456 9456
9444 9444
9382 9382
723 723
9362 9362
9346 9346
9325 9325
9305 9305
9302 9302
9292 9292
9286 9286
9285 9285
9264 9264
9240 9240
9230 9230
9209 9209
9200 9200
9187 9187
7583 7583
7541 7541
7538 7538
605 605
7536 7536
7528 7528
7515 7515
7513 7513
7505 7505
7474 7474
7448 7448
7432 7432
582 582
7427 7427
7414 7414
7402 7402
7399 7399
11664 11664
11655 11655
11654 11654
962 962
11639 11639
11628 11628
11627 11627
11624 11624
11594 11594
11590 11590
11562 11562
11561 11561
11503 11503
11499 11499
11497 11497
11479 11479
11463 11463
11462 11462
11461 11461
11450 11450
11440 11440
9171 9171
9145 9145
9136 9136
9130 9130
9120 9120
721 721
9093 9093
9083 9083
9076 9076
9075 9075
9074 9074
9046 9046
9045 9045
9037 9037
9009 9009
701 701
9006 9006
9003 9003
9001 9001
8991 8991
8982 8982
8981 8981
8980 8980
5672 5672
5561 5561
5535 5535
5475 5475
5434 5434
5431 5431
5408 5408
508 508
5407 5407
5253 5253
5229 5229
5157 5157
5148 5148
5128 5128
5117 5117
497 497
5071 5071
5042 5042
5040 5040
5038 5038
1175 1175
1173 1173
1172 1172
1169 1169
1164 1164
1159 1159
1134 1134
1133 1133
1128 1128
117 117
1124 1124
1123 1123
1120 1120
1099 1099
1077 1077
1048 1048
1045 1045
1035 1035
1013 1013
113 113
2365 2365
2295 2295
2273 2273
2247 2247
2246 2246
2241 2241
2238 2238
200 200
2233 2233
2224 2224
2222 2222
2203 2203
2199 2199
2179 2179
2163 2163
2157 2157
523 523
28 28
5846 5846
5845 5845
5820 5820
5802 5802
5770 5770
5767 5767
5758 5758
5746 5746
5708 5708
511 511
5700 5700
5679 5679
3993 3993
3985 3985
3931 3931
3928 3928
3909 3909
3872 3872
3859 3859
3853 3853
345 345
3852 3852
3837 3837
3832 3832
3826 3826
3809 3809
3797 3797
3771 3771
3765 3765
3763 3763
335 335
3752 3752
3712 3712
3684 3684
3680 3680
3679 3679
3665 3665
3660 3660
333 333
3659 3659
3658 3658
3657 3657
3656 3656
3655 3655
3650 3650
3645 3645
3640 3640
3639 3639
3637 3637
3621 3621
3620 3620
3613 3613
10451 10451
10433 10433
10430 10430
10412 10412
10398 10398
10387 10387
10385 10385
10383 10383
10373 10373
10310 10310
10295 10295
10265 10265
816 816
10247 10247
10246 10246
10239 10239
10202 10202
10201 10201
10194 10194
3593 3593
3569 3569
3538 3538
3532 3532
3515 3515
3506 3506
297 297
3496 3496
3460 3460
3459 3459
3455 3455
3447 3447
3436 3436
3435 3435
3398 3398
3397 3397
3368 3368
291 291
3361 3361
3333 3333
3311 3311
3309 3309
3303 3303
639 639
8254 8254
8142 8142
8085 8085
7991 7991
7969 7969
7959 7959
638 638
7928 7928
7902 7902
7886 7886
7882 7882
7876 7876
7872 7872
7867 7867
7836 7836
7835 7835
7834 7834
637 637
3302 3302
3264 3264
3241 3241
3218 3218
3168 3168
3167 3167
3135 3135
3127 3127
3121 3121
3097 3097
275 275
3085 3085
3066 3066
3060 3060
3028 3028
2999 2999
2990 2990
2977 2977
1931 1931
1914 1914
1913 1913
1912 1912
1911 1911
1904 1904
1903 1903
1901 1901
1885 1885
1873 1873
1872 1872
1869 1869
1866 1866
1861 1861
1856 1856
1852 1852
1851 1851
1835 1835
1822 1822
1815 1815
1811 1811
1807 1807
1802 1802
1799 1799
1797 1797
1790 1790
1785 1785
1781 1781
1751 1751
1741 1741
1724 1724
1720 1720
1679 1679
1673 1673
1663 1663
1661 1661
1654 1654
1630 1630
1629 1629
2976 2976
2931 2931
238 238
2920 2920
2893 2893
2885 2885
2852 2852
2824 2824
2823 2823
2812 2812
2804 2804
2802 2802
2800 2800
2795 2795
2733 2733
2706 2706
2663 2663
2640 2640
1613 1613
1589 1589
1582 1582
1578 1578
1564 1564
1551 1551
1538 1538
1535 1535
1533 1533
1532 1532
1479 1479
1476 1476
1472 1472
1469 1469
1456 1456
1450 1450
1447 1447
2144 2144
2143 2143
2142 2142
2131 2131
11433 11433
917 917
11432 11432
11429 11429
11420 11420
11415 11415
11404 11404
11403 11403
11397 11397
11391 11391
11362 11362
11355 11355
11346 11346
11307 11307
11290 11290
11283 11283
11275 11275
11265 11265
11254 11254
11251 11251
8956 8956
8946 8946
8943 8943
700 700
95 95
8936 8936
8921 8921
8850 8850
8842 8842
8806 8806
8800 8800
8753 8753
8752 8752
8743 8743
8738 8738
697 697
8730 8730
8715 8715
8699 8699
8698 8698
8677 8677
7392 7392
7382 7382
7364 7364
7329 7329
7325 7325
7312 7312
7297 7297
7295 7295
7277 7277
7264 7264
7241 7241
7208 7208
7196 7196
7164 7164
569 569
7153 7153
7146 7146
7138 7138
7133 7133
7115 7115
7097 7097
8675 8675
8671 8671
684 684
8670 8670
8637 8637
8585 8585
8579 8579
8574 8574
8568 8568
8523 8523
8521 8521
8510 8510
656 656
8506 8506
8484 8484
8447 8447
8363 8363
8358 8358
8357 8357
8356 8356
8352 8352
8301 8301
7092 7092
7050 7050
7018 7018
566 566
6986 6986
6937 6937
6886 6886
6763 6763
6762 6762
6757 6757
6704 6704
6680 6680
6628 6628
6616 6616
6597 6597
6572 6572
5025 5025
4949 4949
4946 4946
4945 4945
473 473
4929 4929
4892 4892
4887 4887
4877 4877
4869 4869
4835 4835
4807 4807
4805 4805
4798 4798
4792 4792
446 446
4791 4791
4790 4790
4781 4781
4767 4767
4751 4751
4747 4747
2116 2116
2115 2115
2092 2092
2074 2074
2066 2066
2048 2048
2045 2045
184 184
2042 2042
2040 2040
2025 2025
2022 2022
2018 2018
2010 2010
2003 2003
2000 2000
1990 1990
183 183
1989 1989
1934 1934
11244 11244
11228 11228
11227 11227
11216 11216
11214 11214
11200 11200
11199 11199
11191 11191
11183 11183
11172 11172
903 903
11168 11168
11166 11166
11152 11152
11150 11150
11149 11149
11089 11089
11075 11075
11074 11074
11063 11063
902 902
100 100
11061 11061
10186 10186
801 801
10185 10185
10184 10184
10175 10175
10166 10166
10144 10144
10140 10140
10130 10130
10129 10129
10115 10115
10112 10112
798 798
10108 10108
10103 10103
10102 10102
10097 10097
10078 10078
10059 10059
10057 10057
10038 10038
6571 6571
561 561
6548 6548
6529 6529
6508 6508
6503 6503
6502 6502
6435 6435
6429 6429
6407 6407
560 560
6404 6404
6403 6403
6385 6385
6378 6378
6357 6357
6348 6348
6306 6306
6302 6302
6301 6301
6274 6274
4743 4743
4734 4734
4719 4719
443 443
4699 4699
4692 4692
4691 4691
4658 4658
4657 4657
18236 18236
18202 18202
17934 17934
17931 17931
17918 17918
12584 12584
17906 17906
17854 17854
17853 17853
17803 17803
17774 17774
17608 17608
17540 17540
17533 17533
13873 13873
13870 13870
13869 13869
13836 13836
13835 13835
13829 13829
13819 13819
13814 13814
13811 13811
12231 12231
12049 12049
13793 13793
13792 13792
13782 13782
13732 13732
13714 13714
13712 13712
13705 13705
13678 13678
12221 12221
13674 13674
13668 13668
17532 17532
12575 12575
17468 17468
17467 17467
17357 17357
17356 17356
17271 17271
17256 17256
17005 17005
16954 16954
16921 16921
16752 16752
12574 12574
12087 12087
16663 16663
16599 16599
16312 16312
16309 16309
16303 16303
16301 16301
16300 16300
16243 16243
16217 16217
12400 12400
15007 15007
14986 14986
14979 14979
14944 14944
14934 14934
14928 14928
14919 14919
14918 14918
14913 14913
12394 12394
14902 14902
14892 14892
14883 14883
14870 14870
14869 14869
14855 14855
14836 14836
14835 14835
14833 14833
14831 14831
12372 12372
14825 14825
13667 13667
13655 13655
13651 13651
13639 13639
13638 13638
13596 13596
13550 13550
12220 12220
13545 13545
13544 13544
13530 13530
13508 13508
13471 13471
12206 12206
13469 13469
13468 13468
13465 13465
13463 13463
22319 22319
22279 22279
22256 22256
12752 12752
22252 22252
22251 22251
22250 22250
22159 22159
12743 12743
22026 22026
22024 22024
21978 21978
12573 12573
16214 16214
16210 16210
16200 16200
16197 16197
16186 16186
16179 16179
16159 16159
16158 16158
16153 16153
16148 16148
12566 12566
16146 16146
16125 16125
16122 16122
16117 16117
16107 16107
16101 16101
16047 16047
12565 12565
16044 16044
14816 14816
14812 14812
14797 14797
14785 14785
14784 14784
14783 14783
14759 14759
14749 14749
14747 14747
14739 14739
14735 14735
14734 14734
14724 14724
14722 14722
14704 14704
14676 14676
14671 14671
12310 12310
14650 14650
14641 14641
14636 14636
13460 13460
13458 13458
13454 13454
13435 13435
12203 12203
13424 13424
13419 13419
13415 13415
13414 13414
13411 13411
13409 13409
13406 13406
13372 13372
13355 13355
12184 12184
13311 13311
13310 13310
13299 13299
13292 13292
16037 16037
16021 16021
15986 15986
15971 15971
15965 15965
15943 15943
15940 15940
15939 15939
15924 15924
12521 12521
15916 15916
15914 15914
15906 15906
15901 15901
15892 15892
15864 15864
15848 15848
15820 15820
15819 15819
12502 12502
15800 15800
15785 15785
15781 15781
14625 14625
14613 14613
14591 14591
14581 14581
12309 12309
14559 14559
14555 14555
14546 14546
14520 14520
14519 14519
14517 14517
14483 14483
14444 14444
12300 12300
12072 12072
14438 14438
14436 14436
14422 14422
14421 14421
13286 13286
13263 13263
13262 13262
13261 13261
12177 12177
13257 13257
13205 13205
13202 13202
13201 13201
13199 13199
12158 12158
13190 13190
13189 13189
13187 13187
13185 13185
13184 13184
13183 13183
13182 13182
14418 14418
14398 14398
14381 14381
12299 12299
14379 14379
14370 14370
14361 14361
14334 14334
14332 14332
14330 14330
14325 14325
14304 14304
14297 14297
12295 12295
14291 14291
14286 14286
14263 14263
14259 14259
14258 14258
13181 13181
13173 13173
12154 12154
13153 13153
13107 13107
13087 13087
13081 13081
13075 13075
13074 13074
13071 13071
13069 13069
13065 13065
13060 13060
13051 13051
13041 13041
13038 13038
13037 13037
13030 13030
13028 13028
13022 13022
13005 13005
12986 12986
15778 15778
15771 15771
15767 15767
15757 15757
15750 15750
15722 15722
12498 12498
15717 15717
15715 15715
15710 15710
15697 15697
15692 15692
15677 15677
15663 15663
15649 15649
15642 15642
12473 12473
15637 15637
15630 15630
15618 15618
15599 15599
14237 14237
14229 14229
14208 14208
12266 12266
14181 14181
14175 14175
14165 14165
14155 14155
14152 14152
14150 14150
14147 14147
14144 14144
12250 12250
14142 14142
14136 14136
14132 14132
14130 14130
14125 14125
14123 14123
12129 12129
12041 12041
12039 12039
15579 15579
15576 15576
15575 15575
15570 15570
12472 12472
15567 15567
15550 15550
15546 15546
15545 15545
15542 15542
15535 15535
15531 15531
15527 15527
15521 15521
12463 12463
15516 15516
15508 15508
15485 15485
15456 15456
15440 15440
15437 15437
15406 15406
14116 14116
14115 14115
12249 12249
14110 14110
14107 14107
14106 14106
14104 14104
14103 14103
12248 12248
14100 14100
14099 14099
14054 14054
13996 13996
12985 12985
13991 13991
13968 13968
13956 13956
13955 13955
13954 13954
12242 12242
13952 13952
13948 13948
13937 13937
13925 13925
13924 13924
13895 13895
13885 13885
13883 13883
13878 13878
12240 12240
13874 13874
12966 12966
12964 12964
12963 12963
12962 12962
12961 12961
12939 12939
12914 12914
12909 12909
12905 12905
12901 12901
12893 12893
12888 12888
12887 12887
12878 12878
12867 12867
4543 4543
10355 10355
21866 21866
21835 21835
12734 12734
21816 21816
21815 21815
21806 21806
21804 21804
21782 21782
21761 21761
21728 21728
21672 21672
12733 12733
21590 21590
21565 21565
21534 21534
21496 21496
21428 21428
10567 10567
10316 10316
1477 1477
12864 12864
9881 9881
22735 22735
22733 22733
22653 22653
22636 22636
12756 12756
12102 12102
22548 22548
22527 22527
22488 22488
22397 22397
22396 22396
12754 12754
22384 22384
22342 22342
19746 19746
19370 19370
12630 12630
19320 19320
19256 19256
19223 19223
19221 19221
19220 19220
19175 19175
19174 19174
19043 19043
12622 12622
18908 18908
18891 18891
18733 18733
18702 18702
18647 18647
18560 18560
18549 18549
15204 15204
15200 15200
12408 12408
15187 15187
15183 15183
15172 15172
15171 15171
15170 15170
15164 15164
15145 15145
15131 15131
15130 15130
15119 15119
12406 12406
15103 15103
15091 15091
15070 15070
15065 15065
15028 15028
15024 15024
15023 15023
15012 15012
18426 18426
18403 18403
18349 18349
10356 10356
17670 17670
27231 27231
27084 27084
26936 26936
26863 26863
12850 12850
21627 21627
8615 8615
8825 8825
21409 21409
12730 12730
21357 21357
21354 21354
21352 21352
21341 21341
21294 21294
21264 21264
12727 12727
21254 21254
21235 21235
21170 21170
21158 21158
21026 21026
20975 20975
12723 12723
12647 12647
18291 18291
12848 12848
7181 7181
22590 22590
24165 24165
21160 21160
7184 7184
12847 12847
12105 12105
26492 26492
18596 18596
26291 26291
6691 6691
26067 26067
17103 17103
26992 26992
12844 12844
26812 26812
26868 26868
26883 26883
26683 26683
26971 26971
27011 27011
22405 22405
27373 27373
12818 12818
16208 16208
14151 14151
14089 14089
4545 4545
15192 15192
5941 5941
20951 20951
20936 20936
20921 20921
20860 20860
20859 20859
20843 20843
20823 20823
20776 20776
20692 20692
12668 12668
20689 20689
20687 20687
20678 20678
20629 20629
20628 20628
20617 20617
12664 12664
12094 12094
20616 20616
5939 5939
12810 12810
10607 10607
5938 5938
6369 6369
7334 7334
5940 5940
26490 26490
26463 26463
12792 12792
25884 25884
25875 25875
25832 25832
25698 25698
25655 25655
25634 25634
12790 12790
25618 25618
25517 25517
25516 25516
25396 25396
25317 25317
25275 25275
12781 12781
25185 25185
24691 24691
12768 12768
24661 24661
24626 24626
20529 20529
20527 20527
20520 20520
20479 20479
20424 20424
20420 20420
20368 20368
20362 20362
20303 20303
20280 20280
20254 20254
20239 20239
20210 20210
24108 24108
23588 23588
12766 12766
23517 23517
23432 23432
23414 23414
23413 23413
23411 23411
22997 22997
22964 22964
22923 22923
12760 12760
22877 22877
22830 22830
22791 22791
20158 20158
12648 12648
20030 20030
19904 19904
19879 19879
19874 19874
19830 19830
19827 19827
12635 12635
19787 19787
19781 19781
15390 15390
15371 15371
15362 15362
12444 12444
15356 15356
15346 15346
15338 15338
15323 15323
15287 15287
15284 15284
15263 15263
15253 15253
15248 15248
12421 12421
15245 15245
15242 15242
15241 15241
15238 15238
15234 15234
15224 15224
15216 15216
15209 15209
12710 12710
2063 2063
4572 4572
4626 4626
4619 4619
4651 4651
4625 4625
3350 3350
4603 4603
219 219
2908 2908
4661 4661
4552 4552
1927 1927
4630 4630
1485 1485
4663 4663
4618 4618
4672 4672
4680 4680
22167 22167
87 87
6726 6726
4648 4648
88 88
281 281
4653 4653
144 144
135 135
84 84
716 716
3145 3145
220 220
268 268
59 59
167 167
123 123
104 104
305 305
64 64
5503 5503
137 137
23901 23901
30805 30805
28797 28797
27849 27849
29931 29931
30012 30012
28875 28875
27475 27475
37401 37401
39333 39333
36540 36540
38261 38261
37598 37598
35928 35928
32858 32858
31489 31489
33348 33348
34628 34628
4793 4793
4629 4629
4579 4579
407 407
6221 6221
859 859
406 406
4228 4228
4004 4004
132 132
46 46
933 933
5142 5142
5076 5076
1168 1168
2292 2292
2291 2291
4003 4003
3782 3782
3667 3667
306 306
3188 3188
181 181
1746 1746
2958 2958
2847 2847
1558 1558
1549 1549
1463 1463
191 191
7284 7284
7074 7074
6770 6770
6769 6769
5026 5026
5020 5020
2130 2130
6552 6552
4702 4702
14946 14946
13644 13644
14143 14143
15574 15574
13990 13990
6406 6406
19660 19660
18365 18365
25316 25316
168 168
128 128
28718 28718
28756 28756
30816 30816
28791 28791
27986 27986
28440 28440
36609 36609
25974 25974
38876 38876
18486 18486
38877 38877
36121 36121
39651 39651
34544 34544
34004 34004
39456 39456
36394 36394
34847 34847
34330 34330
35789 35789
38322 38322
37238 37238
30944 30944
33924 33924
18142 18142
35019 35019
4515 4515
10791 10791
722 722
2921 2921
98 98
6519 6519
16051 16051
16048 16048
14505 14505
14504 14504
13192 13192
15704 15704
15588 15588
14179 14179
15523 15523
12360 12360
15013 15013
18367 18367
26844 26844
15331 15331
