FID	IID
3094	3094
31001505270312	31001505270312
31001505274786	31001505274786
31001510010434	31001510010434
31001510010436	31001510010436
31001510012707	31001510012707
31001510012708	31001510012708
31001510012719	31001510012719
31001510012720	31001510012720
31001510012827	31001510012827
31001510012845	31001510012845
31001510012857	31001510012857
31001510012900	31001510012900
31001510012916	31001510012916
31001510013395	31001510013395
31001510013875	31001510013875
31001510013877	31001510013877
31001510013898	31001510013898
31001510013901	31001510013901
31001510013905	31001510013905
31001510014690	31001510014690
31001602030024	31001602030024
31001602030032	31001602030032
31001602030034	31001602030034
31001602030038	31001602030038
31001602030049	31001602030049
31001602030062	31001602030062
31001602030065	31001602030065
31001602030072	31001602030072
31001602030073	31001602030073
31001602030075	31001602030075
31001602030077	31001602030077
31001602030086	31001602030086
31001602030088	31001602030088
31001602030098	31001602030098
31001602030128	31001602030128
31001602030129	31001602030129
31001602030131	31001602030131
31001602030165	31001602030165
31001602030180	31001602030180
31001602030213	31001602030213
31001602030217	31001602030217
31001602030223	31001602030223
31001602030275	31001602030275
31001602030280	31001602030280
31001602030283	31001602030283
31001602030327	31001602030327
31001602030328	31001602030328
31001602030337	31001602030337
31001602030358	31001602030358
31001602030363	31001602030363
31001602030379	31001602030379
31001602030381	31001602030381
31001602030388	31001602030388
31001602030393	31001602030393
31001602030403	31001602030403
31001602030404	31001602030404
31001602030419	31001602030419
31001602030442	31001602030442
31001602030467	31001602030467
31001602030481	31001602030481
31001602030483	31001602030483
31001602030489	31001602030489
31001602030495	31001602030495
31001602030496	31001602030496
31001602030499	31001602030499
31001602030508	31001602030508
31001602030513	31001602030513
31001602030515	31001602030515
31001602030534	31001602030534
31001602030552	31001602030552
31001602030556	31001602030556
31001602030559	31001602030559
31001602030562	31001602030562
31001602030587	31001602030587
31001602030588	31001602030588
31001602030646	31001602030646
31001602030659	31001602030659
31001602030662	31001602030662
31001602030665	31001602030665
31001602030695	31001602030695
31001602030701	31001602030701
31001602030718	31001602030718
31001602030719	31001602030719
31001602030760	31001602030760
31001602030762	31001602030762
31001602030797	31001602030797
31001602030802	31001602030802
31001602030817	31001602030817
31001602030832	31001602030832
31001602030848	31001602030848
31001602030849	31001602030849
31001602030858	31001602030858
31001602030876	31001602030876
31001602030887	31001602030887
31001602030888	31001602030888
31001602030890	31001602030890
31001602030891	31001602030891
31001602030916	31001602030916
31001602030917	31001602030917
31001602030920	31001602030920
31001602030926	31001602030926
31001602030974	31001602030974
31001602030992	31001602030992
31001602030994	31001602030994
31001602030999	31001602030999
31001602031001	31001602031001
31001602031004	31001602031004
31001602031008	31001602031008
31001602031030	31001602031030
31001602031041	31001602031041
31001602031042	31001602031042
31001602031079	31001602031079
31001602031093	31001602031093
31001602031096	31001602031096
31001602031136	31001602031136
31001602031166	31001602031166
31001602031183	31001602031183
31001602031188	31001602031188
31001602031193	31001602031193
31001602031200	31001602031200
31001602031217	31001602031217
31001602031221	31001602031221
31001602031250	31001602031250
31001602031272	31001602031272
31001602031311	31001602031311
31001602031312	31001602031312
31001602031338	31001602031338
31001602031343	31001602031343
31001602031350	31001602031350
31001602031356	31001602031356
31001602031360	31001602031360
31001602031442	31001602031442
31001602031493	31001602031493
31001602031506	31001602031506
31001602031552	31001602031552
31001602031574	31001602031574
31001602031601	31001602031601
31001602031675	31001602031675
31001602031685	31001602031685
31001602031751	31001602031751
31001602031758	31001602031758
31001602031759	31001602031759
31001602031763	31001602031763
31001602031793	31001602031793
31001602031811	31001602031811
31001602031820	31001602031820
31001602031821	31001602031821
31001602031836	31001602031836
31001602031848	31001602031848
31001602031870	31001602031870
31001602031887	31001602031887
31001602031908	31001602031908
31001602031911	31001602031911
31001602031926	31001602031926
31001602031934	31001602031934
31001602031959	31001602031959
31001602031962	31001602031962
31001602031975	31001602031975
31001602031979	31001602031979
31001602031980	31001602031980
31001602032048	31001602032048
31001602032052	31001602032052
31001602110026	31001602110026
31001602110038	31001602110038
31001602110042	31001602110042
31001602110058	31001602110058
31001602110059	31001602110059
31001602110062	31001602110062
31001602110077	31001602110077
31001602110078	31001602110078
31001602110098	31001602110098
31001602110120	31001602110120
31001602110126	31001602110126
31001602110128	31001602110128
31001602110140	31001602110140
31001602110148	31001602110148
31001602110153	31001602110153
31001602110166	31001602110166
31001602110217	31001602110217
31001602110236	31001602110236
31001602110255	31001602110255
31001602110266	31001602110266
31001602110268	31001602110268
31001602110269	31001602110269
31001602110280	31001602110280
31001602110288	31001602110288
31001602110290	31001602110290
31001602110311	31001602110311
31001602110379	31001602110379
31001602110399	31001602110399
31001602110401	31001602110401
31001602110440	31001602110440
31001602110444	31001602110444
31001602110471	31001602110471
31001602110487	31001602110487
31001602110492	31001602110492
31001602110505	31001602110505
31001602110520	31001602110520
31001602110522	31001602110522
31001602110525	31001602110525
31001602110543	31001602110543
31001602110545	31001602110545
31001602110549	31001602110549
31001602110551	31001602110551
31001602110556	31001602110556
31001602110558	31001602110558
31001602110568	31001602110568
31001602110585	31001602110585
31001602110587	31001602110587
31001602110588	31001602110588
31001602110594	31001602110594
31001602110599	31001602110599
31001602110620	31001602110620
31001602110673	31001602110673
31001602110677	31001602110677
31001602110681	31001602110681
31001602110696	31001602110696
31001602110703	31001602110703
31001602110720	31001602110720
31001602110733	31001602110733
31001602110746	31001602110746
31001602110752	31001602110752
31001602110795	31001602110795
31001602110820	31001602110820
31001602110824	31001602110824
31001602110832	31001602110832
31001602110858	31001602110858
31001602110870	31001602110870
31001602110875	31001602110875
31001602110878	31001602110878
31001602110915	31001602110915
31001602110916	31001602110916
31001602110975	31001602110975
31001602110981	31001602110981
31001602110985	31001602110985
31001602110994	31001602110994
31001602111004	31001602111004
31001602111009	31001602111009
31001602111019	31001602111019
31001602111027	31001602111027
31001602111032	31001602111032
31001602111044	31001602111044
31001602111047	31001602111047
31001602111059	31001602111059
31001602111062	31001602111062
31001602111063	31001602111063
31001602111071	31001602111071
31001602111080	31001602111080
31001602111098	31001602111098
31001602111099	31001602111099
31001602111104	31001602111104
31001602111105	31001602111105
31001602111118	31001602111118
31001602111122	31001602111122
31001602111128	31001602111128
31001602111136	31001602111136
31001602111156	31001602111156
31001602111170	31001602111170
31001602111179	31001602111179
31001602111195	31001602111195
31001602111201	31001602111201
31001602111209	31001602111209
31001602111210	31001602111210
31001602111226	31001602111226
31001602111236	31001602111236
31001602111253	31001602111253
31001602111255	31001602111255
31001602111275	31001602111275
31001602111278	31001602111278
31001602111297	31001602111297
31001602111308	31001602111308
31001602111310	31001602111310
31001602111330	31001602111330
31001602111338	31001602111338
31001602111345	31001602111345
31001602111356	31001602111356
31001602111359	31001602111359
31001602111365	31001602111365
31001602111374	31001602111374
31001602111403	31001602111403
31001602111405	31001602111405
31001602111407	31001602111407
31001602111412	31001602111412
31001602111418	31001602111418
31001602111445	31001602111445
31001602111447	31001602111447
31001602111448	31001602111448
31001602111470	31001602111470
31001602111487	31001602111487
31001602111499	31001602111499
31001602111519	31001602111519
31001602111520	31001602111520
31001602111528	31001602111528
31001602111535	31001602111535
31001602111536	31001602111536
31001602111564	31001602111564
31001602111565	31001602111565
31001602111573	31001602111573
31001602111598	31001602111598
31001602111601	31001602111601
31001602111632	31001602111632
31001602111640	31001602111640
31001602111654	31001602111654
31001602111665	31001602111665
31001602111700	31001602111700
31001602111706	31001602111706
31001602111741	31001602111741
31001602111748	31001602111748
31001602111783	31001602111783
31001602111784	31001602111784
31001602111793	31001602111793
31001602111809	31001602111809
31001602111840	31001602111840
31001602111852	31001602111852
31001602111865	31001602111865
31001602111870	31001602111870
31001602111883	31001602111883
31001602111900	31001602111900
31001602111903	31001602111903
31001602111914	31001602111914
31001602111923	31001602111923
31001602111960	31001602111960
31001602111961	31001602111961
31001602111967	31001602111967
31001602111983	31001602111983
31001602111996	31001602111996
31001602112002	31001602112002
31001602112017	31001602112017
31001602112052	31001602112052
31001609031232	31001609031232
31001609031296	31001609031296
31001609031324	31001609031324
31001609031326	31001609031326
31001609031351	31001609031351
31001609031354	31001609031354
31001609031386	31001609031386
31001609031451	31001609031451
31001609031454	31001609031454
31001609031512	31001609031512
31001609031516	31001609031516
31001609031528	31001609031528
31001609031553	31001609031553
31001609031559	31001609031559
31001609031577	31001609031577
31001609031588	31001609031588
31001609031593	31001609031593
31001609031608	31001609031608
31001609031655	31001609031655
31001609031664	31001609031664
31001609031776	31001609031776
31001609031784	31001609031784
31001609031821	31001609031821
31001609031842	31001609031842
31001609031886	31001609031886
31001609031896	31001609031896
31001609031900	31001609031900
31001609031929	31001609031929
31001609031962	31001609031962
31001609031977	31001609031977
31001609031983	31001609031983
31001609031990	31001609031990
31001609031998	31001609031998
31001609032024	31001609032024
31001609032025	31001609032025
31001609032026	31001609032026
31001609032057	31001609032057
31001609032107	31001609032107
31001609032132	31001609032132
31001609032139	31001609032139
31001609032160	31001609032160
31001609032262	31001609032262
31001609032312	31001609032312
31001609032324	31001609032324
31001609032348	31001609032348
31001609032360	31001609032360
31001609032362	31001609032362
31001609032367	31001609032367
31001609032417	31001609032417
31001609032442	31001609032442
31001609032673	31001609032673
31001609032712	31001609032712
31001609032725	31001609032725
31001609032729	31001609032729
31001609032730	31001609032730
31001609032759	31001609032759
31001609032817	31001609032817
31001609032855	31001609032855
31001609032867	31001609032867
31001609032883	31001609032883
31001609032885	31001609032885
31001609032926	31001609032926
31001609033086	31001609033086
31001609033106	31001609033106
31001609033133	31001609033133
31001609033170	31001609033170
31001609033180	31001609033180
31001609033181	31001609033181
31001609033226	31001609033226
31001609033280	31001609033280
31001701032113	31001701032113
31001701032149	31001701032149
31001701032162	31001701032162
31001701032218	31001701032218
31001701032506	31001701032506
31001701032760	31001701032760
31001701032781	31001701032781
3100160203008270	3100160203008270
Corneliuz	Corneliuz
Dash	Dash
Sunny	Sunny
